0.0010 1.37
0.0015 1.27
0.0020 1.15
0.0030 0.909
0.0040 0.708
0.0050 0.558
0.0060 0.449
0.0080 0.31
0.0100 0.231
0.0150 0.133
0.0200 0.0886
0.0300 0.0469
0.0400 0.0287
0.0500 0.0194
0.0600 0.0139
0.0800 0.00816
0.1000 0.00535
0.1500 0.00244
0.2000 0.00139
0.3000 0.000622
0.4000 0.000351
0.5000 0.000225
0.6000 0.000156
0.8000 0.0000879
1.0000 0.0000563
1.2500 0.000036
1.5000 0.000025
2.0000 0.0000141
3.0000 0.00000626
4.0000 0.00000352
5.0000 0.00000225
6.0000 0.00000156
8.0000 0.00000088
10.000 0.000000563
15.000 0.00000025
20.000 0.000000141
30.000 0.0000000626
40.000 0.0000000352
50.000 0.0000000225
