0.0010 0.0132
0.0015 0.0267
0.0020 0.0418
0.0030 0.0707
0.0040 0.0943
0.0050 0.112
0.0060 0.126
0.0080 0.144
0.0100 0.155
0.0150 0.17
0.0200 0.177
0.0300 0.183
0.0400 0.183
0.0500 0.18
0.0600 0.177
0.0800 0.17
0.1000 0.163
0.1500 0.147
0.2000 0.135
0.3000 0.118
0.4000 0.106
0.5000 0.0966
0.6000 0.0894
0.8000 0.0786
1.0000 0.0707
1.2500 0.0632
1.5000 0.0574
2.0000 0.049
3.0000 0.0385
4.0000 0.0322
5.0000 0.0278
6.0000 0.0245
8.0000 0.0201
10.000 0.0171
15.000 0.0127
20.000 0.0102
30.000 0.0074
40.000 0.00588
50.000 0.00491
