0.0010 4065
0.0015 1372
0.0020 615.2
0.0030 191.7
0.0040 81.91
0.0050 41.88
0.0060 24.05
0.0080 9.915
0.0100 4.944
0.0150 1.374
0.0200 0.5503
0.0300 0.1557
0.0400 0.06947
0.0500 0.04223
0.0600 0.0319
0.0800 0.02597
0.1000 0.02546
0.1500 0.02764
0.2000 0.02967
0.3000 0.03192
0.4000 0.03279
0.5000 0.03299
0.6000 0.03284
0.8000 0.03206
1.0000 0.03103
1.2500 0.02965
1.5000 0.02833
2.0000 0.02608
3.0000 0.02281
4.0000 0.02066
5.0000 0.01915
6.0000 0.01806
8.0000 0.01658
10.000 0.01566
15.000 0.01441
20.000 0.01382
30.000 0.01327
40.000 0.01298
50.000 0.01279
