0.0010 4065
0.0015 1372
0.0020 615.2
0.0030 191.7
0.0040 81.92
0.0050 41.89
0.0060 24.06
0.0080 9.918
0.0100 4.945
0.0150 1.374
0.0200 0.5505
0.0300 0.1557
0.0400 0.0695
0.0500 0.04225
0.0600 0.03191
0.0800 0.02598
0.1000 0.02547
0.1500 0.02765
0.2000 0.02969
0.3000 0.03195
0.4000 0.03282
0.5000 0.03303
0.6000 0.03289
0.8000 0.03212
1.0000 0.03111
1.2500 0.02974
1.5000 0.02844
2.0000 0.02621
3.0000 0.023
4.0000 0.02091
5.0000 0.01946
6.0000 0.01843
8.0000 0.01707
10.000 0.01626
15.000 0.01528
20.000 0.01495
30.000 0.0149
40.000 0.0151
50.000 0.01537
