0.0010 1
0.0015 1
0.0020 0.9999
0.0030 0.9999
0.0040 0.9999
0.0050 0.9998
0.0060 0.9998
0.0080 0.9998
0.0100 0.9998
0.0150 0.9997
0.0200 0.9997
0.0300 0.9996
0.0400 0.9996
0.0500 0.9996
0.0600 0.9996
0.0800 0.9996
0.1000 0.9996
0.1500 0.9995
0.2000 0.9994
0.3000 0.9992
0.4000 0.9989
0.5000 0.9987
0.6000 0.9984
0.8000 0.998
1.0000 0.9975
1.2500 0.9969
1.5000 0.9962
2.0000 0.9948
3.0000 0.9916
4.0000 0.988
5.0000 0.984
6.0000 0.98
8.0000 0.9716
10.000 0.9633
15.000 0.9432
20.000 0.9245
30.000 0.8904
40.000 0.86
50.000 0.8323
