0.0010 4080
0.0015 1370
0.0020 616
0.0030 192
0.0040 82.0
0.0050 41.9
0.0060 24.1
0.0080 9.92
0.0100 4.94
0.0150 1.37
0.0200 0.544
0.0300 0.146
0.0400 0.0568
0.0500 0.0272
0.0600 0.0149
0.0800 0.00577
0.1000 0.00276
0.1500 0.000731
0.2000 0.000289
0.3000 0.0000816
0.4000 0.0000349
0.5000 0.0000188
0.6000 0.0000117
0.8000 0.00000592
1.0000 0.00000368
1.2500 0.00000233
1.5000 0.00000169
2.0000 0.00000106
3.0000 0.000000594
4.0000 0.000000408
5.0000 0.000000309
6.0000 0.000000248
8.0000 0.000000178
10.000 0.000000139
15.000 0.0000000891
20.000 0.0000000656
30.000 0.0000000429
40.000 0.0000000319
50.000 0.0000000253
