0.0010 4080
0.0015 1380
0.0020 617
0.0030 193
0.0040 82.8
0.0050 42.6
0.0060 24.6
0.0080 10.4
0.0100 5.33
0.0150 1.67
0.0200 0.81
0.0300 0.376
0.0400 0.268
0.0500 0.227
0.0600 0.206
0.0800 0.184
0.1000 0.171
0.1500 0.151
0.2000 0.137
0.3000 0.119
0.4000 0.106
0.5000 0.0969
0.6000 0.0896
0.8000 0.0787
1.0000 0.0707
1.2500 0.0632
1.5000 0.0575
2.0000 0.0494
3.0000 0.0397
4.0000 0.034
5.0000 0.0303
6.0000 0.0277
8.0000 0.0243
10.000 0.0222
15.000 0.0194
20.000 0.0181
30.000 0.0171
40.000 0.0168
50.000 0.0167
