desc: I1 cache:         32768 B, 64 B, 8-way associative
desc: D1 cache:         32768 B, 64 B, 8-way associative
desc: LL cache:         1048576 B, 64 B, 4-way associative
cmd: ./transport
events: Ir I1mr ILmr Dr D1mr DLmr Dw D1mw DLmw Bc Bcm Bi Bim
fl=/build/src/gcc-4.6-20120120/libgcc/../gcc/config/i386/cpuid.h
fn=set_fast_math
129 150 5 4 60 0 0 60 0 0 0 0 0 0
158 45 2 2 0 0 0 0 0 0 15 2 0 0
163 60 0 0 0 0 0 0 0 0 0 0 0 0
183 30 3 3 0 0 0 0 0 0 15 0 0 0
186 60 0 0 0 0 0 0 0 0 0 0 0 0
fl=/build/src/gcc-4.6-20120120/libgcc/../gcc/config/i386/crtfastmath.c
fn=set_fast_math
41 90 5 4 0 0 0 45 0 0 0 0 0 0
48 30 5 4 0 0 0 0 0 0 15 11 0 0
50 45 5 5 15 0 0 30 0 0 0 0 0 0
52 30 0 0 0 0 0 0 0 0 0 0 0 0
54 30 2 1 0 0 0 0 0 0 15 9 0 0
74 1995 8 8 0 0 0 1920 0 0 1920 73 0 0
76 15 0 0 0 0 0 15 0 0 0 0 0 0
79 75 5 5 30 0 0 0 0 0 0 0 0 0
82 45 0 0 15 0 0 15 0 0 0 0 0 0
89 75 0 0 60 0 0 0 0 0 0 0 0 0
fl=/home/hal/Dropbox/Project - Transport/Beams.cc
fn=_GLOBAL__sub_I_Beams.cc
31 12 1 1 2 0 0 8 0 0 0 0 0 0
32 11 1 1 1 0 0 8 0 0 0 0 0 0
37 7 0 0 1 0 0 5 0 0 0 0 0 0
178 13 2 1 5 0 0 5 0 0 0 0 0 0
fn=cleanup_on_dynamic_unload
48 5 1 1 0 0 0 3 0 0 0 0 0 0
50 3 0 0 2 2 2 0 0 0 1 0 0 0
52 4 1 1 3 0 0 0 0 0 0 0 0 0
fn=energy_distribution
98 70000 1 1 10000 0 0 40000 0 0 0 0 0 0
119 90000 1 1 20000 1 1 0 0 0 20000 255 0 0
120 249 0 0 249 0 0 0 0 0 0 0 0 0
121 29253 0 0 9751 0 0 0 0 0 9751 1366 0 0
122 1210 0 0 1210 0 0 0 0 0 0 0 0 0
123 25623 0 0 8541 0 0 0 0 0 8541 1399 0 0
124 1223 0 0 1223 0 0 0 0 0 0 0 0 0
125 21954 0 0 7318 0 0 0 0 0 7318 1129 0 0
126 3206 1 1 0 0 0 0 0 0 0 0 0 0
127 18960 1 1 6320 0 0 0 0 0 6320 1013 0 0
128 2545 1 1 904 0 0 0 0 0 0 0 0 0
129 16248 0 0 5416 0 0 0 0 0 5416 832 0 0
130 1944 0 0 737 1 1 0 0 0 0 0 0 0
131 14037 0 0 4679 0 0 0 0 0 4679 733 0 0
132 1835 0 0 649 0 0 0 0 0 0 0 0 0
133 12090 0 0 4030 0 0 0 0 0 4030 609 0 0
134 1421 1 1 537 0 0 0 0 0 0 0 0 0
135 10479 0 0 3493 1 1 0 0 0 3493 530 0 0
136 1340 0 0 470 0 0 0 0 0 0 0 0 0
137 9069 1 1 3023 0 0 0 0 0 3023 452 0 0
138 1161 0 0 400 0 0 0 0 0 0 0 0 0
139 7869 0 0 2623 0 0 0 0 0 2623 413 0 0
140 1371 0 0 361 0 0 0 0 0 0 0 0 0
141 6786 0 0 2262 0 0 0 0 0 2262 388 0 0
142 989 0 0 347 0 0 0 0 0 0 0 0 0
143 5745 0 0 1915 0 0 0 0 0 1915 341 0 0
144 811 0 0 295 0 0 0 0 0 0 0 0 0
145 4860 1 1 1620 0 0 0 0 0 1620 251 0 0
146 674 0 0 221 0 0 0 0 0 0 0 0 0
147 4197 0 0 1399 0 0 0 0 0 1399 269 0 0
148 663 0 0 232 0 0 0 0 0 0 0 0 0
149 3501 0 0 1167 0 0 0 0 0 1167 229 0 0
150 578 0 0 199 0 0 0 0 0 0 0 0 0
151 2904 0 0 968 1 1 0 0 0 968 211 0 0
152 533 1 1 180 0 0 0 0 0 0 0 0 0
153 2364 0 0 788 0 0 0 0 0 788 205 0 0
154 486 1 1 173 1 1 0 0 0 0 0 0 0
155 1845 1 1 615 0 0 0 0 0 615 166 0 0
156 412 0 0 140 0 0 0 0 0 0 0 0 0
157 1425 0 0 475 0 0 0 0 0 475 161 0 0
158 386 0 0 132 0 0 0 0 0 0 0 0 0
159 1029 0 0 343 0 0 0 0 0 343 130 0 0
160 329 0 0 122 0 0 0 0 0 0 0 0 0
161 663 0 0 221 0 0 0 0 0 221 102 0 0
162 170 0 0 85 0 0 0 0 0 0 0 0 0
163 474 0 0 136 0 0 0 0 0 136 72 0 0
164 381 0 0 66 0 0 0 0 0 0 0 0 0
165 280 0 0 0 0 0 0 0 0 70 0 0 0
166 1363 1 1 70 0 0 0 0 0 0 0 0 0
172 51902 1 1 40000 0 0 0 0 0 0 0 0 0
fn=get_position
68 40000 1 1 10000 0 0 20000 0 0 0 0 0 0
69 130000 1 1 70000 3 0 60000 1 0 0 0 0 0
70 20000 0 0 20000 0 0 0 0 0 0 0 0 0
fn=init_on_dynamic_load
42 5 1 1 0 0 0 3 0 0 0 0 0 0
44 26 2 2 3 0 0 17 0 0 1 0 0 0
46 4 0 0 3 0 0 0 0 0 0 0 0 0
fn=toggle_verbosity
57 2 0 0 0 0 0 1 0 0 0 0 0 0
58 3 0 0 2 0 0 1 0 0 0 0 0 0
60 1 0 0 1 0 0 0 0 0 0 0 0 0
fl=/home/hal/Dropbox/Project - Transport/Coherent.cc
fn=_GLOBAL__sub_I_Coherent.cc
31 12 1 1 2 0 0 8 0 0 0 0 0 0
32 11 1 1 1 0 0 8 0 0 0 0 0 0
33 11 1 0 1 0 0 8 0 0 0 0 0 0
96 13 2 2 5 0 0 5 0 0 0 0 0 0
fn=cleanup_on_dynamic_unload
44 5 1 1 0 0 0 3 0 0 0 0 0 0
46 3 1 1 2 2 1 0 0 0 1 0 0 0
48 4 2 2 3 0 0 0 0 0 0 0 0 0
fn=init_on_dynamic_load
38 5 1 1 0 0 0 3 0 0 0 0 0 0
40 26 1 1 3 0 0 17 0 0 1 0 0 0
42 4 0 0 3 0 0 0 0 0 0 0 0 0
fn=scatter
61 464031 2 2 103118 0 0 257795 0 0 0 0 0 0
72 309354 0 0 154677 83875 132 103118 0 0 51559 4 0 0
77 412472 1 1 103118 0 0 257795 0 0 0 0 51559 0
81 206236 0 0 51559 0 0 103118 0 0 0 0 51559 0
85 309354 277 26 257795 0 0 0 0 0 0 0 0 0
fn=toggle_verbosity
53 2 0 0 0 0 0 1 0 0 0 0 0 0
54 3 0 0 2 0 0 1 0 0 0 0 0 0
56 1 0 0 1 0 0 0 0 0 0 0 0 0
fl=/home/hal/Dropbox/Project - Transport/Compton.cc
fn=_GLOBAL__sub_I_Compton.cc
31 12 1 1 2 0 0 8 0 0 0 0 0 0
32 11 1 1 1 0 0 8 0 0 0 0 0 0
33 11 1 0 1 0 0 8 0 0 0 0 0 0
94 13 2 2 5 0 0 5 0 0 0 0 0 0
fn=cleanup_on_dynamic_unload
44 5 1 1 0 0 0 3 0 0 0 0 0 0
46 3 1 1 2 2 2 0 0 0 1 0 0 0
48 4 2 2 3 0 0 0 0 0 0 0 0 0
fn=init_on_dynamic_load
38 5 1 1 0 0 0 3 0 0 0 0 0 0
40 26 1 1 3 0 0 17 0 0 1 0 0 0
42 4 0 0 3 0 0 0 0 0 0 0 0 0
fn=scatter
61 400507533 2 2 89001674 0 0 222504185 0 0 0 0 0 0
69 267005022 0 0 133502511 2 2 89001674 0 0 44500837 35525 0 0
77 356006696 1 1 89001674 1 1 222504185 0 0 0 0 44500837 1
78 178003348 0 0 44500837 0 0 89001674 0 0 0 0 44500837 1
83 267005022 1 1 222504185 0 0 0 0 0 0 0 0 0
fn=toggle_verbosity
53 2 0 0 0 0 0 1 0 0 0 0 0 0
54 3 0 0 2 0 0 1 0 0 0 0 0 0
56 1 0 0 1 0 0 0 0 0 0 0 0 0
fl=/home/hal/Dropbox/Project - Transport/Dynamic_Loading.cc
fn=_GLOBAL__sub_I__Z12load_librarySs
82 3 0 0 1 0 0 0 0 0 0 0 0 0
fn=check_for_item_in_library(void*, std::string)
56 480 14 1 96 0 0 96 0 0 0 0 0 0
62 192 0 0 0 0 0 0 0 0 96 0 0 0
66 96 0 0 0 0 0 96 0 0 0 0 0 0
67 576 0 0 192 0 0 288 0 0 0 0 0 0
68 96 0 0 0 0 0 96 0 0 0 0 0 0
82 288 0 0 192 0 0 0 0 0 0 0 0 0
fn=close_library(void*)
27 42 1 1 14 0 0 14 0 0 0 0 0 0
28 28 0 0 0 0 0 0 0 0 14 0 0 0
31 28 0 0 0 0 0 14 0 0 0 0 0 0
35 28 0 0 14 0 0 0 0 0 0 0 0 0
fn=load_item_from_library(void*, std::string)
37 402 14 1 134 0 0 201 0 0 0 0 0 0
38 134 0 0 0 0 0 0 0 0 67 0 0 0
41 67 0 0 0 0 0 67 0 0 0 0 0 0
42 335 0 0 67 0 0 201 0 0 0 0 0 0
43 134 0 0 0 0 0 67 0 0 0 0 0 0
45 134 0 0 0 0 0 0 0 0 67 2 0 0
46 134 14 1 0 0 0 0 0 0 67 0 0 0
54 402 0 0 268 0 0 0 0 0 0 0 0 0
fn=load_library(std::string)
17 70 14 1 14 0 0 42 0 0 0 0 0 0
18 14 0 0 0 0 0 14 0 0 0 0 0 0
19 70 15 1 14 0 0 42 0 0 0 0 0 0
20 28 0 0 0 0 0 14 0 0 0 0 0 0
21 28 0 0 0 0 0 0 0 0 14 2 0 0
22 28 14 1 0 0 0 0 0 0 14 0 0 0
25 84 0 0 56 9 0 0 0 0 0 0 0 0
fl=/home/hal/Dropbox/Project - Transport/Electrons.cc
fn=Electron::get_energy() const
73 30000 1 1 30000 0 0 0 0 0 0 0 0 0
fn=_GLOBAL__sub_I_Electrons.cc
31 12 1 1 2 0 0 8 0 0 0 0 0 0
32 11 1 1 1 0 0 8 0 0 0 0 0 0
33 11 1 0 1 0 0 8 0 0 0 0 0 0
94 13 1 1 5 0 0 5 0 0 0 0 0 0
fn=cleanup_on_dynamic_unload
47 5 1 1 0 0 0 3 0 0 0 0 0 0
49 3 0 0 2 0 0 0 0 0 1 1 0 0
51 4 1 1 3 0 0 0 0 0 0 0 0 0
fn=init_on_dynamic_load
41 5 1 1 0 0 0 3 0 0 0 0 0 0
43 26 2 2 3 0 0 17 0 0 1 0 0 0
45 4 0 0 3 0 0 0 0 0 0 0 0 0
fn=particle_factory
70 160000 1 1 60000 14138 344 90000 0 0 0 0 0 0
80 80000 0 0 10000 0 0 50000 0 0 0 0 0 0
87 180000 2 2 20000 0 0 110000 0 0 0 0 0 0
88 70000 1 1 50000 0 0 0 0 0 0 0 0 0
fn=toggle_verbosity
56 2 0 0 0 0 0 1 0 0 0 0 0 0
57 3 0 0 2 0 0 1 0 0 0 0 0 0
59 1 0 0 1 0 0 0 0 0 0 0 0 0
fl=/home/hal/Dropbox/Project - Transport/Geometry.cc
fn=_GLOBAL__sub_I_Geometry.cc
32 12 1 1 2 0 0 8 0 0 0 0 0 0
33 11 1 0 1 0 0 8 0 0 0 0 0 0
73 13 1 1 5 0 0 5 0 0 0 0 0 0
fn=cleanup_on_dynamic_unload
44 5 1 1 0 0 0 3 0 0 0 0 0 0
46 3 0 0 2 2 2 0 0 0 1 0 0 0
48 4 1 1 3 0 0 0 0 0 0 0 0 0
fn=init_on_dynamic_load
38 5 1 1 0 0 0 3 0 0 0 0 0 0
40 26 2 2 3 0 0 17 0 0 1 0 0 0
42 4 0 0 3 0 0 0 0 0 0 0 0 0
fn=toggle_verbosity
53 2 0 0 0 0 0 1 0 0 0 0 0 0
54 3 1 1 2 0 0 1 0 0 0 0 0 0
56 1 0 0 1 0 0 0 0 0 0 0 0 0
fl=/home/hal/Dropbox/Project - Transport/Localdump.cc
fn=_GLOBAL__sub_I_Localdump.cc
31 12 1 1 2 0 0 8 0 0 0 0 0 0
32 11 1 1 1 0 0 8 0 0 0 0 0 0
33 11 1 0 1 0 0 8 0 0 0 0 0 0
96 13 1 1 5 0 0 5 0 0 0 0 0 0
fn=cleanup_on_dynamic_unload
44 5 1 1 0 0 0 3 0 0 0 0 0 0
46 3 0 0 2 1 1 0 0 0 1 0 0 0
48 4 1 1 3 0 0 0 0 0 0 0 0 0
fn=init_on_dynamic_load
38 5 1 1 0 0 0 3 0 0 0 0 0 0
40 26 2 2 3 0 0 17 0 0 1 0 0 0
42 4 0 0 3 0 0 0 0 0 0 0 0 0
fn=scatter
61 97218 1 1 16203 0 0 48609 0 0 0 0 0 0
73 48609 0 0 16203 0 0 32406 0 0 0 0 0 0
83 81015 0 0 32406 0 0 32406 0 0 0 0 16203 1
85 64812 0 0 48609 0 0 0 0 0 0 0 0 0
fn=toggle_verbosity
53 2 0 0 0 0 0 1 0 0 0 0 0 0
54 3 0 0 2 0 0 1 0 0 0 0 0 0
56 1 0 0 1 0 0 0 0 0 0 0 0 0
fl=/home/hal/Dropbox/Project - Transport/Logging.cc
fn=_GLOBAL__sub_I_Logging.cc
31 12 1 1 2 0 0 8 0 0 0 0 0 0
32 11 1 0 1 0 0 8 0 0 0 0 0 0
79 13 1 1 5 0 0 5 0 0 0 0 0 0
fn=cleanup_on_dynamic_unload
43 5 1 1 0 0 0 3 0 0 0 0 0 0
45 3 0 0 2 2 2 0 0 0 1 0 0 0
47 4 1 1 3 0 0 0 0 0 0 0 0 0
fn=init_on_dynamic_load
37 5 1 1 0 0 0 3 0 0 0 0 0 0
39 26 2 2 3 0 0 17 0 0 1 0 0 0
41 4 0 0 3 0 0 0 0 0 0 0 0 0
fn=particle_graveyard
69 16203 1 1 16203 0 0 0 0 0 0 0 0 0
fn=toggle_verbosity
52 2 0 0 0 0 0 1 0 0 0 0 0 0
53 3 0 0 2 0 0 1 0 0 0 0 0 0
55 1 0 0 1 0 0 0 0 0 0 0 0 0
fl=/home/hal/Dropbox/Project - Transport/Memory.cc
fn=_GLOBAL__sub_I_Memory.cc
31 12 1 1 2 0 0 8 0 0 0 0 0 0
32 11 0 0 1 0 0 8 0 0 0 0 0 0
40 5 1 0 1 0 0 4 0 0 0 0 0 0
113 13 1 1 5 0 0 5 0 0 0 0 0 0
fn=cleanup_on_dynamic_unload
50 5 1 1 0 0 0 3 0 0 0 0 0 0
52 3 0 0 2 0 0 0 0 0 1 0 0 0
54 4 1 1 3 0 0 0 0 0 0 0 0 0
fn=get_next_particle
90 356628800 2 2 44578600 0 0 222893000 0 0 0 0 0 0
98 312050200 1 1 222893000 0 0 0 0 0 0 0 0 0
113 89157200 0 0 89157200 0 0 0 0 0 0 0 0 0
fn=init_on_dynamic_load
44 5 1 1 0 0 0 3 0 0 0 0 0 0
46 26 2 2 3 0 0 17 0 0 1 0 0 0
48 4 0 0 3 0 0 0 0 0 0 0 0 0
fn=particle_sink
66 267471594 1 1 44578599 0 0 133735797 0 0 0 0 0 0
69 178314396 0 0 133735797 0 0 0 0 0 0 0 0 0
fn=toggle_verbosity
59 2 0 0 0 0 0 1 0 0 0 0 0 0
60 3 0 0 2 0 0 1 0 0 0 0 0 0
62 1 0 0 1 0 0 0 0 0 0 0 0 0
fl=/home/hal/Dropbox/Project - Transport/Misc.cc
fn=_GLOBAL__sub_I__Z10gen_randomPSsi
47 3 0 0 1 0 0 0 0 0 0 0 0 0
fl=/home/hal/Dropbox/Project - Transport/MyMath.cc
fn=_GLOBAL__sub_I_MyMath.cc
166 45 5 0 15 0 0 0 0 0 0 0 0 0
fn=vec3<double>::operator*(double const&)
127 356733604 3013 17 178366802 0 0 89183401 0 0 0 0 0 0
128 1070200812 2 2 445917005 8303 710 445917005 0 0 0 0 0 0
129 356733604 0 0 178366802 0 0 0 0 0 0 0 0 0
fn=vec3<double>::operator+=(vec3<double> const&)
73 89157198 1 1 89157198 0 0 0 0 0 0 0 0 0
74 401207391 0 0 267471594 0 0 133735797 0 0 0 0 0 0
76 44578599 0 0 44578599 0 0 0 0 0 0 0 0 0
fn=vec3<double>::operator/(double const&)
144 312050193 1 1 178314396 0 0 44578599 0 0 0 0 0 0
145 445785990 0 0 133735797 0 0 222892995 0 0 0 0 0 0
146 178314396 0 0 89157198 0 0 0 0 0 0 0 0 0
fn=vec3<double>::operator/=(double const&)
151 89104792 2 2 89104792 0 0 0 0 0 0 0 0 0
152 400971564 0 0 267314376 0 0 133657188 0 0 0 0 0 0
154 44552396 0 0 44552396 0 0 0 0 0 0 0 0 0
fn=vec3<double>::operator=(vec3<double> const&)
56 178261990 3 3 178261990 0 0 0 0 0 0 0 0 0
58 178261990 0 0 0 0 0 0 0 0 89130995 6 0 0
59 534785970 5142 23 267392985 0 0 267392985 0 0 0 0 0 0
61 89130995 0 0 89130995 0 0 0 0 0 0 0 0 0
fn=vec3<double>::vec3(double, double, double)
20 1426644800 8 8 891653000 0 0 534991800 1 0 0 0 0 0
fl=/home/hal/Dropbox/Project - Transport/Pair.cc
fn=_GLOBAL__sub_I_Pair.cc
31 12 1 1 2 0 0 8 0 0 0 0 0 0
32 11 0 0 1 0 0 8 0 0 0 0 0 0
33 11 1 0 1 0 0 8 0 0 0 0 0 0
113 13 1 1 5 0 0 5 0 0 0 0 0 0
fn=cleanup_on_dynamic_unload
44 5 1 1 0 0 0 3 0 0 0 0 0 0
46 3 0 0 2 2 0 0 0 0 1 0 0 0
48 4 1 1 3 0 0 0 0 0 0 0 0 0
fn=init_on_dynamic_load
38 5 1 1 0 0 0 3 0 0 0 0 0 0
40 26 2 2 3 0 0 17 0 0 1 0 0 0
42 4 0 0 3 0 0 0 0 0 0 0 0 0
fn=scatter
61 55827 1 1 12406 0 0 31015 0 0 0 0 0 0
70 37218 1 1 18609 6554 2 12406 0 0 6203 0 0 0
75 31015 0 0 18609 0 0 18609 0 0 0 0 6203 1
77 31015 0 0 12406 6584 3 0 0 0 6203 0 0 0
81 43421 1 1 6203 0 0 24812 0 0 0 0 0 0
82 43421 0 0 12406 0 0 6203 0 0 0 0 0 0
86 80639 1 1 12406 0 0 43421 0 0 0 0 6203 1
92 62030 1 1 0 0 0 31015 0 0 0 0 0 0
95 142669 1 1 37218 0 0 80639 0 0 0 0 12406 2
97 142669 8534 3 37218 0 0 80639 0 0 0 0 12406 2
102 37218 0 0 31015 0 0 0 0 0 0 0 0 0
fn=toggle_verbosity
53 2 0 0 0 0 0 1 0 0 0 0 0 0
54 3 1 1 2 0 0 1 0 0 0 0 0 0
56 1 0 0 1 0 0 0 0 0 0 0 0 0
fl=/home/hal/Dropbox/Project - Transport/Photoelectric.cc
fn=_GLOBAL__sub_I_Photoelectric.cc
31 12 1 1 2 0 0 8 0 0 0 0 0 0
32 11 1 1 1 0 0 8 0 0 0 0 0 0
33 11 1 0 1 0 0 8 0 0 0 0 0 0
92 13 1 1 5 0 0 5 0 0 0 0 0 0
fn=cleanup_on_dynamic_unload
44 5 1 1 0 0 0 3 0 0 0 0 0 0
46 3 0 0 2 1 1 0 0 0 1 0 0 0
48 4 1 1 3 0 0 0 0 0 0 0 0 0
fn=init_on_dynamic_load
38 5 1 1 0 0 0 3 0 0 0 0 0 0
40 26 2 2 3 0 0 17 0 0 1 0 0 0
42 4 0 0 3 0 0 0 0 0 0 0 0 0
fn=scatter
61 34173 1 1 7594 0 0 18985 0 0 0 0 0 0
70 22782 1 1 11391 7343 38 7594 0 0 3797 0 0 0
75 106316 878 17 26579 0 0 60752 0 0 0 0 7594 3798
78 15188 0 0 3797 0 0 7594 0 0 0 0 3797 1
81 22782 1 1 18985 0 0 0 0 0 0 0 0 0
fn=toggle_verbosity
53 2 0 0 0 0 0 1 0 0 0 0 0 0
54 3 0 0 2 0 0 1 0 0 0 0 0 0
56 1 0 0 1 0 0 0 0 0 0 0 0 0
fl=/home/hal/Dropbox/Project - Transport/Photons.cc
fn=Photon::get_energy() const
70 401091564 0 0 401091564 15546068 371963 0 0 0 0 0 0 0
fn=_GLOBAL__sub_I_Photons.cc
31 12 1 1 2 0 0 8 0 0 0 0 0 0
32 11 1 1 1 0 0 8 0 0 0 0 0 0
33 11 0 0 1 0 0 8 0 0 0 0 0 0
91 13 1 1 5 0 0 5 0 0 0 0 0 0
fn=cleanup_on_dynamic_unload
44 5 1 1 0 0 0 3 0 0 0 0 0 0
46 3 0 0 2 2 2 0 0 0 1 1 0 0
48 4 1 1 3 0 0 0 0 0 0 0 0 0
fn=init_on_dynamic_load
38 5 1 1 0 0 0 3 0 0 0 0 0 0
40 26 1 1 3 0 0 17 0 0 1 0 0 0
42 4 0 0 3 0 0 0 0 0 0 0 0 0
fn=particle_factory
67 190000 2 2 50000 1 0 110000 0 0 0 0 0 0
77 80000 1 1 10000 0 0 50000 0 0 0 0 0 0
84 190000 2 1 20000 0 0 120000 0 0 0 0 0 0
85 70000 0 0 50000 0 0 0 0 0 0 0 0 0
fn=toggle_verbosity
53 2 1 1 0 0 0 1 0 0 0 0 0 0
54 3 0 0 2 0 0 1 0 0 0 0 0 0
56 1 0 0 1 0 0 0 0 0 0 0 0 0
fl=/home/hal/Dropbox/Project - Transport/Positrons.cc
fn=Positron::get_energy() const
73 18609 1 1 18609 0 0 0 0 0 0 0 0 0
fn=_GLOBAL__sub_I_Positrons.cc
31 12 1 1 2 0 0 8 0 0 0 0 0 0
32 11 1 1 1 0 0 8 0 0 0 0 0 0
33 11 1 0 1 0 0 8 0 0 0 0 0 0
94 13 1 1 5 0 0 5 0 0 0 0 0 0
fn=cleanup_on_dynamic_unload
47 5 1 1 0 0 0 3 0 0 0 0 0 0
49 3 0 0 2 2 0 0 0 0 1 1 0 0
51 4 1 1 3 0 0 0 0 0 0 0 0 0
fn=init_on_dynamic_load
41 5 1 1 0 0 0 3 0 0 0 0 0 0
43 26 2 1 3 0 0 17 0 0 1 0 0 0
45 4 0 0 3 0 0 0 0 0 0 0 0 0
fn=particle_factory
70 99248 1 1 37218 7230 23 55827 0 0 0 0 0 0
80 49624 0 0 6203 0 0 31015 0 0 0 0 0 0
87 111654 2 2 12406 0 0 68233 0 0 0 0 0 0
88 43421 1 1 31015 0 0 0 0 0 0 0 0 0
fn=toggle_verbosity
56 2 0 0 0 0 0 1 0 0 0 0 0 0
57 3 0 0 2 0 0 1 0 0 0 0 0 0
59 1 0 0 1 0 0 0 0 0 0 0 0 0
fl=/home/hal/Dropbox/Project - Transport/Random_MT.cc
fn=_GLOBAL__sub_I_Random_MT.cc
32 12 1 1 2 0 0 8 0 0 0 0 0 0
33 11 1 1 1 0 0 8 0 0 0 0 0 0
100 13 3 2 5 0 0 5 0 0 0 0 0 0
fn=cleanup_on_dynamic_unload
56 5 1 1 0 0 0 3 0 0 0 0 0 0
58 3 0 0 2 1 1 0 0 0 1 1 0 0
60 4 1 1 3 0 0 0 0 0 0 0 0 0
fn=get_random_orientation
90 356548792 0 0 44568599 0 0 222842995 0 0 0 0 0 0
91 133705797 0 0 0 0 0 0 0 0 0 0 0 0
92 133705797 0 0 44568599 0 0 0 0 0 0 0 0 0
93 133705797 0 0 44568599 0 0 0 0 0 0 0 0 0
94 668528985 1 0 89137198 0 0 0 0 0 0 0 0 0
95 401117391 0 0 0 0 0 222842995 0 0 0 0 0 0
96 311980193 0 0 222842995 0 0 0 0 0 0 0 0 0
fn=init_explicit_seed
70 6 1 1 0 0 0 5 0 0 0 0 0 0
72 1 0 0 1 0 0 0 0 0 0 0 0 0
75 6 0 0 5 0 0 0 0 0 0 0 0 0
fn=init_on_dynamic_load
47 7 1 1 0 0 0 5 0 0 0 0 0 0
49 9 1 1 0 0 0 6 0 0 0 0 0 0
52 26 2 2 3 0 0 17 0 0 1 0 0 0
54 6 0 0 5 0 0 0 0 0 0 0 0 0
fn=source
77 445835990 1 0 0 0 0 267501594 0 0 0 0 0 0
79 356668792 0 0 267501594 0 0 0 0 0 0 0 0 0
fn=toggle_verbosity
65 2 1 1 0 0 0 1 0 0 0 0 0 0
66 3 0 0 2 0 0 1 0 0 0 0 0 0
68 1 0 0 1 0 0 0 0 0 0 0 0 0
fl=/home/hal/Dropbox/Project - Transport/Structs.cc
fn=_GLOBAL__sub_I__ZN13base_particleC2Ev
192 45 2 1 15 0 0 0 0 0 0 0 0 0
fn=base_particle::base_particle(unsigned char const&, double const&, double const&, double const&, vec4<double> const&, vec4<double> const&)
162 1336353 35121 12 759887 18303 10 576466 14303 11925 0 0 0 0
fn=base_particle::get_momentum3()
175 178329584 3560 17 89164792 0 0 44582396 0 0 0 0 0 0
176 133747188 0 0 89164792 1 1 0 0 0 44582396 131 0 0
177 89132386 2 2 0 0 0 0 0 0 0 0 0 0
179 267510579 0 0 0 0 0 178329584 0 0 0 0 0 0
180 178329584 0 0 89164792 0 0 0 0 0 0 0 0 0
fn=base_particle::get_position3()
171 669015075 1000 237 401409045 5283645 149869 267606030 0 0 0 0 0 0
fn=base_particle::get_type() const
167 401341827 903 80 401341827 34251175 378888 0 0 0 0 0 0 0
fn=base_particle::set_momentum3(vec3<double> const&)
182 222761980 6204 8 89104792 0 0 89104792 0 0 0 0 0 0
183 133657188 0 0 89104792 0 0 0 0 0 44552396 8 0 0
184 178209584 8181 41 0 0 0 133657188 0 0 0 0 0 0
185 222761980 0 0 89104792 42362 4 0 0 0 44552396 0 0 0
186 89104792 0 0 0 0 0 0 0 0 0 0 0 0
190 133657188 0 0 0 0 0 89104792 0 0 0 0 0 0
192 133657188 0 0 89104792 0 0 0 0 0 0 0 0 0
fn=base_particle::set_position3(vec3<double> const&)
172 178314396 0 0 44578599 0 0 44578599 0 0 0 0 0 0
fn=vec4<double>::vec4(double, vec3<double> const&)
28 890902 6 6 524060 0 0 366842 0 0 0 0 0 0
fl=/home/hal/Dropbox/Project - Transport/Transport.cc
fn=_GLOBAL__sub_I_VERBOSE
22 9 1 1 0 0 0 8 0 0 0 0 0 0
26 4 0 0 0 0 0 4 0 0 0 0 0 0
641 3 1 1 1 0 0 0 0 0 0 0 0 0
fn=main
73 10 1 1 1 0 0 6 0 0 0 0 0 0
82 13 0 0 0 0 0 10 1 0 0 0 0 0
83 12 1 1 1 0 0 9 0 0 0 0 0 0
84 12 1 1 1 0 0 9 0 0 0 0 0 0
85 12 1 1 1 0 0 9 0 0 0 0 0 0
86 12 1 1 1 0 0 9 0 0 0 0 0 0
87 12 1 1 1 0 0 9 0 0 0 0 0 0
88 12 1 1 1 0 0 9 0 0 0 0 0 0
89 12 1 1 1 0 0 9 0 0 0 0 0 0
90 12 0 0 1 0 0 9 0 0 0 0 0 0
91 12 2 2 1 0 0 9 0 0 0 0 0 0
92 12 0 0 1 0 0 9 0 0 0 0 0 0
93 12 1 1 1 0 0 9 0 0 0 0 0 0
94 12 1 1 1 0 0 9 0 0 0 0 0 0
95 12 1 1 1 0 0 9 0 0 0 0 0 0
100 116 3 3 42 0 0 43 0 0 15 1 0 0
101 126 2 0 0 0 0 70 0 0 0 0 0 0
103 28 0 0 0 0 0 0 0 0 14 0 0 0
114 154 2 1 0 0 0 98 0 0 14 10 0 0
115 126 14 1 0 0 0 98 0 0 0 0 0 0
116 98 9 1 14 0 0 42 0 0 0 0 14 14
120 168 0 0 0 0 0 112 0 0 14 13 0 0
121 196 14 1 0 0 0 140 0 0 0 0 0 0
125 154 1 1 0 0 0 98 0 0 14 2 0 0
126 33 3 1 0 0 0 24 0 0 0 0 0 0
130 154 11 0 0 0 0 98 0 0 14 3 0 0
131 11 0 0 0 0 0 8 0 0 0 0 0 0
135 154 27 2 0 0 0 98 0 0 14 7 0 0
136 55 5 0 0 0 0 40 0 0 0 0 0 0
140 28 0 0 0 0 0 0 0 0 14 1 0 0
142 11 1 0 0 0 0 7 0 0 1 0 0 0
143 9 0 0 0 0 0 7 0 0 0 0 0 0
144 4 0 0 0 0 0 2 0 0 0 0 1 1
148 11 1 1 0 0 0 7 0 0 1 0 0 0
149 10 1 1 0 0 0 8 0 0 0 0 0 0
154 11 1 0 0 0 0 7 0 0 1 1 0 0
155 10 1 1 0 0 0 8 1 1 0 0 0 0
156 10 0 0 0 0 0 8 1 0 0 0 0 0
160 26 0 0 0 0 0 0 0 0 13 11 0 0
167 11 2 2 0 0 0 7 0 0 1 1 0 0
168 10 0 0 0 0 0 8 1 1 0 0 0 0
169 10 0 0 0 0 0 8 1 0 0 0 0 0
173 11 0 0 0 0 0 7 0 0 1 0 0 0
174 10 0 0 0 0 0 8 0 0 0 0 0 0
178 11 0 0 0 0 0 7 0 0 1 0 0 0
179 10 1 1 0 0 0 8 0 0 0 0 0 0
184 24 0 0 0 0 0 0 0 0 12 0 0 0
186 11 1 1 0 0 0 7 0 0 1 0 0 0
187 10 1 1 0 0 0 8 0 0 0 0 0 0
189 11 2 2 0 0 0 7 0 0 1 0 0 0
190 10 0 0 0 0 0 8 1 0 0 0 0 0
194 11 0 0 0 0 0 7 0 0 1 0 0 0
195 10 0 0 0 0 0 8 0 0 0 0 0 0
199 11 0 0 0 0 0 7 0 0 1 0 0 0
200 10 0 0 0 0 0 8 0 0 0 0 0 0
204 22 0 0 0 0 0 0 0 0 11 4 0 0
206 11 1 1 0 0 0 7 0 0 1 0 0 0
207 13 1 1 0 0 0 10 0 0 0 0 0 0
212 20 0 0 0 0 0 0 0 0 10 2 0 0
214 15 1 1 0 0 0 9 0 0 1 0 0 0
215 12 1 1 0 0 0 10 1 1 0 0 0 0
217 15 1 1 0 0 0 9 0 0 1 1 0 0
218 12 0 0 0 0 0 10 0 0 0 0 0 0
220 15 1 1 0 0 0 9 0 0 1 0 0 0
221 12 1 1 0 0 0 10 0 0 0 0 0 0
223 15 1 1 0 0 0 9 0 0 1 0 0 0
224 12 1 1 0 0 0 10 0 0 0 0 0 0
228 15 1 1 0 0 0 9 0 0 1 0 0 0
229 12 1 1 0 0 0 10 1 0 0 0 0 0
233 15 1 1 0 0 0 9 0 0 1 0 0 0
234 13 0 0 0 0 0 10 0 0 0 0 0 0
239 63 9 1 0 0 0 27 0 0 9 8 0 0
241 15 1 1 1 0 0 10 0 0 1 0 0 0
242 12 1 1 0 0 0 10 1 1 0 0 0 0
243 13 1 1 0 0 0 10 0 0 0 0 0 0
248 48 8 1 0 0 0 24 0 0 8 3 0 0
250 15 1 1 1 0 0 10 0 0 1 0 0 0
251 12 1 1 0 0 0 10 1 0 0 0 0 0
252 13 1 1 0 0 0 10 0 0 0 0 0 0
257 42 14 1 0 0 0 21 0 0 7 1 0 0
259 15 1 1 1 0 0 10 0 0 1 0 0 0
260 13 0 0 0 0 0 10 0 0 0 0 0 0
265 36 2 0 0 0 0 18 0 0 6 4 0 0
267 17 2 2 1 0 0 10 0 0 1 0 0 0
268 15 0 0 0 0 0 10 1 0 0 0 0 0
273 25 10 2 0 0 0 15 0 0 5 4 0 0
275 17 1 1 1 0 0 10 0 0 1 0 0 0
276 15 1 1 0 0 0 10 1 1 0 0 0 0
280 20 4 0 0 0 0 12 0 0 4 2 0 0
282 17 2 2 1 0 0 10 0 0 1 0 0 0
283 15 2 1 0 0 0 10 1 0 0 0 0 0
288 15 3 1 0 0 0 9 0 0 3 2 0 0
290 17 1 1 1 0 0 10 0 0 1 0 0 0
291 15 1 0 0 0 0 10 1 0 0 0 0 0
295 10 1 0 0 0 0 6 0 0 2 2 0 0
297 17 1 1 1 0 0 10 0 0 1 0 0 0
298 15 1 1 0 0 0 10 1 0 0 0 0 0
303 6 1 0 1 0 0 3 0 0 1 0 0 0
305 17 2 2 1 0 0 10 0 0 1 0 0 0
306 15 1 1 0 0 0 10 0 0 0 0 0 0
323 84 7 7 27 5 0 1 0 0 27 6 0 0
548 49997 1 1 29998 0 0 0 0 0 10000 1 0 0
549 60000 0 0 0 0 0 50000 1 0 0 0 20000 2
550 40000 0 0 10000 0 0 20000 0 0 0 0 10000 1
551 110000 1 1 10000 0 0 60000 0 0 0 0 10000 1
553 140000 1 1 30000 0 0 80000 0 0 0 0 20000 2
557 5 0 0 1 0 0 2 0 0 0 0 1 1
558 133735800 0 0 44578600 0 0 0 0 0 44578600 0 0 0
566 401207391 1 1 133735797 0 0 267471594 0 0 0 0 89157198 2
569 222892995 0 0 44578599 0 0 133735797 0 0 0 0 0 0
570 178314396 1 1 89157198 10950 25 133735797 0 0 0 0 44578599 26176
571 624100386 0 0 44578599 0 0 312050193 0 0 0 0 0 0
572 490364589 1 1 0 0 0 312050193 0 0 0 0 0 0
573 178314396 0 0 44578599 0 0 133735797 0 0 0 0 0 0
577 356628792 1 1 133735797 0 0 222892995 0 0 0 0 89157198 2
579 89157198 0 0 44578599 0 0 0 0 0 44578599 6 0 0
580 178003348 0 0 44500837 1 1 133502511 0 0 0 0 44500837 1
582 155524 0 0 77762 0 0 0 0 0 77762 594 0 0
583 206236 0 0 51559 0 0 154677 0 0 0 0 51559 1
585 52406 0 0 26203 0 0 0 0 0 26203 815 0 0
586 15188 0 0 3797 0 0 11391 0 0 0 0 3797 1
588 44812 1 1 22406 0 0 0 0 0 22406 2 0 0
589 24812 0 0 6203 0 0 18609 0 0 0 0 6203 1
591 32406 0 0 16203 0 0 0 0 0 16203 0 0 0
592 64812 0 0 16203 0 0 48609 0 0 0 0 16203 1
619 178314396 1 1 44578599 0 0 89157198 0 0 0 0 44578599 1
636 31 0 0 0 0 0 0 0 0 15 2 0 0
637 56 0 0 14 1 1 28 0 0 0 0 0 0
640 5 0 0 1 0 0 4 0 0 0 0 0 0
641 14 1 1 10 2 2 1 0 0 0 0 0 0
fn=std::vector<void*, std::allocator<void*> >::~vector()
641 2 1 1 2 0 0 0 0 0 0 0 0 0
fn=void std::vector<std::string, std::allocator<std::string> >::_M_insert_aux<std::string>(__gnu_cxx::__normal_iterator<std::string*, std::vector<std::string, std::allocator<std::string> > >, std::string&&)
641 5 1 1 5 0 0 0 0 0 0 0 0 0
fl=/home/hal/Dropbox/Project - Transport/Water.cc
fn=_GLOBAL__sub_I_Water.cc
30 12 1 1 2 0 0 8 0 0 0 0 0 0
31 11 1 1 1 0 0 8 0 0 0 0 0 0
32 11 1 0 1 0 0 8 0 0 0 0 0 0
747 13 2 2 5 0 0 5 0 0 0 0 0 0
fn=cleanup_on_dynamic_unload
566 5 0 0 0 0 0 3 0 0 0 0 0 0
568 3 1 1 2 0 0 0 0 0 1 0 0 0
570 4 2 2 3 0 0 0 0 0 0 0 0 0
fn=init_on_dynamic_load
560 5 1 1 0 0 0 3 0 0 0 0 0 0
562 26 1 1 3 0 0 17 0 0 1 0 0 0
564 4 0 0 3 0 0 0 0 0 0 0 0 0
fn=mean_free_path
581 267471594 1 1 44578599 0 0 133735797 0 0 0 0 0 0
583 222892995 0 0 89157198 2 2 89157198 0 0 44578599 22311 0 0
585 178249584 1 1 89124792 1 1 133687188 0 0 0 0 44562396 1
589 178249584 0 0 0 0 0 133687188 0 0 0 0 0 0
590 133687188 1 1 0 0 0 133687188 0 0 0 0 0 0
591 133687188 0 0 0 0 0 133687188 0 0 0 0 0 0
592 89124792 0 0 0 0 0 89124792 0 0 0 0 0 0
593 178249584 0 0 133687188 0 0 0 0 0 0 0 0 0
596 311936772 0 0 89124792 0 0 0 0 0 0 0 0 0
597 81015 0 0 32406 0 0 32406 0 0 16203 6936 0 0
601 31015 0 0 12406 0 0 12406 0 0 6203 0 0 0
603 16203 0 0 0 0 0 0 0 0 0 0 0 0
608 178314396 0 0 133735797 0 0 0 0 0 0 0 0 0
fn=photon_mass_coefficient_coherent
374 27450312432 7160 48 5388250036 16153 16 0 0 0 5167206950 84679596 0 0
377 623873544 0 0 89124792 0 0 356499168 0 0 0 0 0 0
378 891247920 1 1 178249584 1 1 0 0 0 178249584 0 0 0
381 356499168 0 0 0 0 0 0 0 0 0 0 0 0
418 3031129266 1417 13 393928 2048 10 0 0 0 0 0 0 0
420 445623960 1 1 356499168 0 0 0 0 0 0 0 0 0
fn=photon_mass_coefficient_compton
374 26645303852 33 33 5298535026 43861 6 0 0 0 5077491940 76082655 0 0
422 623873544 1 1 89124792 0 0 356499168 0 0 0 0 0 0
423 891247920 1 1 178249584 0 0 0 0 0 178249584 0 0 0
426 356499168 0 0 0 0 0 0 0 0 0 0 0 0
463 2942004474 12 12 393928 2412 6 0 0 0 0 0 0 0
465 445623960 0 0 356499168 0 0 0 0 0 0 0 0 0
fn=photon_mass_coefficient_pair_triplet
374 2172333038 549 68 459324428 30225 41 0 0 0 445416176 8688821 0 0
511 623873544 1 1 89124792 0 0 356499168 0 0 0 0 0 0
512 891247920 1 1 178249584 0 0 0 0 0 178249584 2 0 0
514 363650258 0 0 89124792 1 1 0 0 0 89124792 8986258 0 0
517 28604360 0 0 0 0 0 0 0 0 0 0 0 0
554 429522554 5665 4 393928 2548 38 0 0 0 0 0 0 0
556 445623960 1 1 356499168 0 0 0 0 0 0 0 0 0
fn=photon_mass_coefficient_photoelectric
374 26823553436 35 35 5387659818 65923 21 0 0 0 5166616732 55573855 0 0
466 623873544 2 2 89124792 0 0 356499168 0 0 0 0 0 0
467 891247920 0 0 178249584 0 0 0 0 0 178249584 2 0 0
470 356499168 0 0 0 0 0 0 0 0 0 0 0 0
507 3031129266 10 10 393928 2224 6 0 0 0 0 0 0 0
509 445623960 0 0 356499168 0 0 0 0 0 0 0 0 0
fn=toggle_verbosity
575 2 1 1 0 0 0 1 0 0 0 0 0 0
576 3 0 0 2 0 0 1 0 0 0 0 0 0
578 1 0 0 1 0 0 0 0 0 0 0 0 0
fn=which_interaction
610 267471594 1 1 44578599 0 0 133735797 0 0 0 0 0 0
612 222892995 0 0 89157198 0 0 89157198 0 0 44578599 60 0 0
614 178249584 1 1 89124792 0 0 133687188 0 0 0 0 44562396 1
618 133687188 0 0 0 0 0 89124792 0 0 0 0 0 0
619 133687188 1 1 0 0 0 133687188 0 0 0 0 0 0
620 133687188 0 0 0 0 0 133687188 0 0 0 0 0 0
621 133687188 0 0 0 0 0 133687188 0 0 0 0 0 0
622 311936772 0 0 133687188 0 0 0 0 0 0 0 0 0
624 445623960 1 1 89124792 0 0 0 0 0 89124792 58769 0 0
625 154677 0 0 103118 0 0 0 0 0 0 0 0 0
626 89051674 0 0 0 0 0 0 0 0 44510837 10034 0 0
627 133502511 0 0 89001674 1 1 0 0 0 0 0 0 0
628 30000 0 0 0 0 0 0 0 0 10000 374 0 0
629 166068 0 0 7594 0 0 0 0 0 0 0 0 0
631 12406 1 1 12406 0 0 0 0 0 0 0 0 0
634 81015 0 0 32406 0 0 32406 0 0 16203 23 0 0
638 31015 0 0 12406 0 0 12406 0 0 6203 0 0 0
640 32406 0 0 32406 0 0 0 0 0 0 0 0 0
643 89001674 1 1 0 0 0 0 0 0 0 0 0 0
645 178314396 0 0 133735797 0 0 0 0 0 0 0 0 0
fl=/usr/lib/gcc/i686-pc-linux-gnu/4.6.2/../../../../include/c++/4.6.2/bits/basic_string.h
fn=bool std::operator==<char, std::char_traits<char>, std::allocator<char> >(std::basic_string<char, std::char_traits<char>, std::allocator<char> > const&, char const*)
2460 45 9 1 0 0 0 0 0 0 0 0 0 0
2462 405 9 1 135 0 0 135 0 0 0 0 0 0
fn=init_on_dynamic_load
2462 3 0 0 0 0 0 3 0 0 0 0 0 0
fn=main
235 442 80 13 0 0 0 0 0 0 214 98 0 0
240 362 29 4 0 0 0 0 0 0 181 24 0 0
244 856 36 4 110 0 0 486 0 0 0 0 0 0
270 56 14 1 0 0 0 56 14 0 0 0 0 0
288 214 16 4 214 14 0 0 0 0 0 0 0 0
534 214 3 3 0 0 0 0 0 0 0 0 0 0
542 46 1 0 0 0 0 46 0 0 0 0 0 0
2462 360 61 5 50 0 0 180 0 0 0 0 0 0
fn=std::vector<std::string, std::allocator<std::string> >::push_back(std::string&&)
267 18 0 0 9 0 0 9 0 0 0 0 0 0
292 9 0 0 0 0 0 9 0 0 0 0 0 0
fn=std::vector<std::string, std::allocator<std::string> >::~vector()
235 28 1 1 0 0 0 0 0 0 14 3 0 0
240 28 0 0 0 0 0 0 0 0 14 0 0 0
244 70 0 0 0 0 0 42 0 0 0 0 0 0
288 14 1 1 14 1 1 0 0 0 0 0 0 0
534 14 0 0 0 0 0 0 0 0 0 0 0 0
fn=void std::vector<std::string, std::allocator<std::string> >::_M_insert_aux<std::string>(__gnu_cxx::__normal_iterator<std::string*, std::vector<std::string, std::allocator<std::string> > >, std::string&&)
235 30 0 0 0 0 0 0 0 0 15 0 0 0
244 4 0 0 0 0 0 0 0 0 0 0 0 0
267 40 0 0 20 0 0 20 1 1 0 0 0 0
288 15 0 0 15 0 0 0 0 0 0 0 0 0
292 20 0 0 0 0 0 20 0 0 0 0 0 0
534 15 0 0 0 0 0 0 0 0 0 0 0 0
fl=/usr/lib/gcc/i686-pc-linux-gnu/4.6.2/../../../../include/c++/4.6.2/bits/list.tcc
fn=std::list<std::unique_ptr<base_particle, std::default_delete<base_particle> >, std::allocator<std::unique_ptr<base_particle, std::default_delete<base_particle> > > >::~list()
70 1 0 0 1 0 0 0 0 0 0 0 0 0
71 3 0 0 0 0 0 0 0 0 1 0 0 0
fl=/usr/lib/gcc/i686-pc-linux-gnu/4.6.2/../../../../include/c++/4.6.2/bits/move.h
fn=get_next_particle
127 44578599 0 0 44578599 0 0 0 0 0 0 0 0 0
128 44578599 0 0 0 0 0 44578599 0 0 0 0 0 0
fn=main
127 89177198 1 1 89177198 0 0 0 0 0 0 0 0 0
128 178334396 1 1 0 0 0 133755797 0 0 0 0 0 0
fn=scatter
127 44601005 2 2 44601005 0 0 0 0 0 0 0 0 0
128 44601005 6060 3 0 0 0 44601005 0 0 0 0 0 0
fn=std::unique_ptr<base_particle, std::default_delete<base_particle> >::~unique_ptr()
127 1 0 0 1 0 0 0 0 0 0 0 0 0
128 1 0 0 0 0 0 1 0 0 0 0 0 0
fl=/usr/lib/gcc/i686-pc-linux-gnu/4.6.2/../../../../include/c++/4.6.2/bits/random.h
fn=_GLOBAL__sub_I_Random_MT.cc
1793 5 0 0 1 0 0 2 0 0 0 0 0 0
fn=get_random_orientation
1854 490254589 2 2 311980193 0 0 44568599 0 0 0 0 0 0
1893 713097584 0 0 267411594 0 0 0 0 0 0 0 0 0
fn=init_on_dynamic_load
1511 4 0 0 0 0 0 0 0 0 2 1 0 0
1512 6 1 1 1 0 0 4 0 0 0 0 0 0
1518 3 0 0 1 0 0 2 0 0 0 0 0 0
1565 7 1 1 1 0 0 5 0 0 0 0 0 0
1566 1 0 0 1 0 0 0 0 0 0 0 0 0
fn=source
1854 356668792 1 1 267501594 2 0 0 0 0 0 0 0 0
1893 445835990 0 0 178334396 0 0 0 0 0 0 0 0 0
fl=/usr/lib/gcc/i686-pc-linux-gnu/4.6.2/../../../../include/c++/4.6.2/bits/random.tcc
fn=_GLOBAL__sub_I_Random_MT.cc
59 4985 0 0 0 0 0 0 0 0 0 0 0 0
345 4 0 0 1 0 0 1 0 0 0 0 0 0
348 1870 0 0 0 0 0 0 0 0 623 8 0 0
351 1869 0 0 0 0 0 0 0 0 0 0 0 0
352 623 1 1 0 0 0 0 0 0 0 0 0 0
353 623 0 0 0 0 0 0 0 0 0 0 0 0
354 623 0 0 0 0 0 623 19 0 0 0 0 0
357 1 0 0 0 0 0 1 0 0 0 0 0 0
fn=_ZNSt23mersenne_twister_engineIjLj32ELj624ELj397ELj31ELj2567483615ELj11ELj4294967295ELj7ELj2636928640ELj15ELj4022730752ELj18ELj1812433253EEclEv.constprop.16
412 1785841308 3173 135 714337 1 1 1337237970 0 0 0 0 0 0
417 3118793256 1 0 1337237970 193514 947 0 0 0 445745990 821984 0 0
425 210729415 5734 255 82863092 35676 38 0 0 0 0 0 0 0
426 500750237 2409 5 43574557 17 1 42145883 0 0 40002872 714437 0 0
433 353596815 0 0 141438726 587 2 0 0 0 0 0 0 0
434 778627330 1 1 70719363 0 0 70719363 0 0 70719363 714353 0 0
439 4286022 0 0 1428674 0 0 0 0 0 0 0 0 0
440 6429033 1 1 714337 0 0 714337 0 0 0 0 0 0
446 445745990 0 0 0 0 0 445745990 0 0 0 0 0 0
447 1337237970 0 0 0 0 0 0 0 0 0 0 0 0
448 1782983960 0 0 0 0 0 0 0 0 0 0 0 0
449 1782983960 0 0 0 0 0 0 0 0 0 0 0 0
450 1337237970 0 0 0 0 0 0 0 0 0 0 0 0
453 1337237970 0 0 1337237970 0 0 0 0 0 0 0 0 0
fn=get_random_orientation
2821 2183861351 4 4 401117391 0 0 980509178 6415 81 0 0 0 0
2824 267411594 0 0 133705797 0 0 0 0 0 0 0 0 0
fn=init_explicit_seed
59 4985 0 0 0 0 0 0 0 0 0 0 0 0
345 3 0 0 1 0 0 1 0 0 0 0 0 0
348 1870 1 1 0 0 0 0 0 0 623 7 0 0
351 1869 0 0 0 0 0 0 0 0 0 0 0 0
352 623 0 0 0 0 0 0 0 0 0 0 0 0
353 623 0 0 0 0 0 0 0 0 0 0 0 0
354 623 0 0 0 0 0 623 0 0 0 0 0 0
357 1 0 0 0 0 0 1 0 0 0 0 0 0
fn=init_on_dynamic_load
59 4985 1 1 0 0 0 0 0 0 0 0 0 0
345 3 0 0 1 0 0 1 0 0 0 0 0 0
348 1870 0 0 0 0 0 0 0 0 623 9 0 0
351 1869 0 0 0 0 0 0 0 0 0 0 0 0
352 623 0 0 0 0 0 0 0 0 0 0 0 0
353 623 0 0 0 0 0 0 0 0 0 0 0 0
354 623 0 0 0 0 0 623 0 0 0 0 0 0
357 1 0 0 0 0 0 1 0 0 0 0 0 0
fn=source
2821 1159173574 0 0 267501594 0 0 535003188 0 0 0 0 0 0
2824 89167198 1 1 89167198 0 0 0 0 0 0 0 0 0
fl=/usr/lib/gcc/i686-pc-linux-gnu/4.6.2/../../../../include/c++/4.6.2/bits/stl_algobase.h
fn=main
215 10 0 0 0 0 0 0 0 0 5 1 0 0
364 30 0 0 5 0 0 0 0 0 0 0 0 0
365 20 0 0 0 0 0 0 0 0 10 2 0 0
366 32 4 1 4 0 0 20 0 0 0 0 0 0
367 5 0 0 0 0 0 0 0 0 0 0 0 0
fn=void std::vector<std::string, std::allocator<std::string> >::_M_insert_aux<std::string>(__gnu_cxx::__normal_iterator<std::string*, std::vector<std::string, std::allocator<std::string> > >, std::string&&)
215 10 1 1 0 0 0 0 0 0 5 3 0 0
fl=/usr/lib/gcc/i686-pc-linux-gnu/4.6.2/../../../../include/c++/4.6.2/bits/stl_construct.h
fn=std::vector<std::string, std::allocator<std::string> >::~vector()
103 49 0 0 1 0 0 0 0 0 16 4 0 0
fn=void std::vector<std::string, std::allocator<std::string> >::_M_insert_aux<std::string>(__gnu_cxx::__normal_iterator<std::string*, std::vector<std::string, std::allocator<std::string> > >, std::string&&)
76 30 0 0 0 0 0 0 0 0 15 0 0 0
103 75 1 1 4 0 0 0 0 0 24 11 0 0
fl=/usr/lib/gcc/i686-pc-linux-gnu/4.6.2/../../../../include/c++/4.6.2/bits/stl_iterator.h
fn=void std::vector<std::string, std::allocator<std::string> >::_M_insert_aux<std::string>(__gnu_cxx::__normal_iterator<std::string*, std::vector<std::string, std::allocator<std::string> > >, std::string&&)
892 10 1 1 0 0 0 0 0 0 0 0 0 0
966 15 0 0 0 0 0 0 0 0 0 0 0 0
fl=/usr/lib/gcc/i686-pc-linux-gnu/4.6.2/../../../../include/c++/4.6.2/bits/stl_iterator_base_funcs.h
fn=get_next_particle
80 89157200 0 0 0 0 0 0 0 0 44578600 29886269 0 0
fl=/usr/lib/gcc/i686-pc-linux-gnu/4.6.2/../../../../include/c++/4.6.2/bits/stl_list.h
fn=_GLOBAL__sub_I_Memory.cc
380 2 0 0 1 0 0 1 0 0 0 0 0 0
381 1 0 0 0 0 0 1 0 0 0 0 0 0
fn=get_next_particle
1532 89157198 0 0 0 0 0 89157198 0 0 0 0 0 0
fn=particle_sink
113 89157198 0 0 0 0 0 89157198 0 0 0 0 0 0
1524 178314396 0 0 44578599 1 0 133735797 0 0 0 0 0 0
fn=std::list<std::unique_ptr<base_particle, std::default_delete<base_particle> >, std::allocator<std::unique_ptr<base_particle, std::default_delete<base_particle> > > >::~list()
429 14 1 1 6 0 0 5 0 0 0 0 0 0
fl=/usr/lib/gcc/i686-pc-linux-gnu/4.6.2/../../../../include/c++/4.6.2/bits/stl_uninitialized.h
fn=void std::vector<std::string, std::allocator<std::string> >::_M_insert_aux<std::string>(__gnu_cxx::__normal_iterator<std::string*, std::vector<std::string, std::allocator<std::string> > >, std::string&&)
76 89 1 1 8 0 0 4 0 0 25 15 0 0
fl=/usr/lib/gcc/i686-pc-linux-gnu/4.6.2/../../../../include/c++/4.6.2/bits/stl_vector.h
fn=_GLOBAL__sub_I_VERBOSE
83 3 1 1 0 0 0 3 1 1 0 0 0 0
fn=main
83 3 1 1 0 0 0 3 1 0 0 0 0 0
155 10 0 0 0 0 0 0 0 0 5 1 0 0
571 15 5 1 5 0 0 0 0 0 0 0 0 0
828 42 0 0 28 14 0 0 0 0 14 4 0 0
831 18 0 0 0 0 0 9 0 0 0 0 0 0
1244 9 0 0 0 0 0 0 0 0 0 0 0 0
1245 30 5 1 0 0 0 0 0 0 8 2 0 0
fn=std::vector<std::string, std::allocator<std::string> >::push_back(std::string&&)
839 56 1 1 28 0 0 14 0 0 0 0 0 0
840 42 0 0 28 0 0 0 0 0 0 0 0 0
fn=std::vector<std::string, std::allocator<std::string> >::~vector()
155 2 0 0 0 0 0 0 0 0 1 0 0 0
349 6 1 1 1 0 0 4 0 0 0 0 0 0
350 2 0 0 2 0 0 0 0 0 0 0 0 0
351 6 0 0 5 0 0 0 0 0 0 0 0 0
fn=std::vector<void*, std::allocator<void*> >::~vector()
155 2 0 0 0 0 0 0 0 0 1 0 0 0
fn=void std::vector<std::string, std::allocator<std::string> >::_M_insert_aux<std::string>(__gnu_cxx::__normal_iterator<std::string*, std::vector<std::string, std::allocator<std::string> > >, std::string&&)
150 8 0 0 0 0 0 0 0 0 4 4 0 0
155 10 0 0 0 0 0 0 0 0 5 2 0 0
571 15 0 0 0 0 0 0 0 0 0 0 0 0
1244 4 0 0 0 0 0 0 0 0 0 0 0 0
1245 24 1 1 0 0 0 4 0 0 8 4 0 0
fl=/usr/lib/gcc/i686-pc-linux-gnu/4.6.2/../../../../include/c++/4.6.2/bits/unique_ptr.h
fn=get_next_particle
217 44578599 0 0 44578599 5707104 82122 0 0 0 0 0 0 0
235 44578599 0 0 0 0 0 44578599 0 0 0 0 0 0
244 89157198 0 0 0 0 0 0 0 0 44578599 8 0 0
fn=main
63 20000 0 0 0 0 0 20000 0 0 0 0 0 0
217 133745797 3 3 133745797 0 0 0 0 0 0 0 0 0
235 89167198 1 1 0 0 0 89167198 0 0 0 0 0 0
244 222906792 2858 4 0 0 0 0 0 0 89177198 10090 0 0
fn=particle_sink
217 44578599 0 0 44578599 0 0 0 0 0 0 0 0 0
235 44578599 0 0 0 0 0 44578599 0 0 0 0 0 0
fn=scatter
63 32406 0 0 0 0 0 32406 0 0 0 0 0 0
217 44594802 0 0 44594802 0 0 0 0 0 0 0 0 0
235 44584802 1 1 0 0 0 44584802 0 0 0 0 0 0
244 89202010 0 0 0 0 0 0 0 0 44601005 128 0 0
fn=std::unique_ptr<base_particle, std::default_delete<base_particle> >::~unique_ptr()
63 1 0 0 1 0 0 0 0 0 0 0 0 0
169 1 0 0 1 0 0 0 0 0 0 0 0 0
244 2 0 0 0 0 0 0 0 0 1 1 0 0
fl=/usr/lib/gcc/i686-pc-linux-gnu/4.6.2/../../../../include/c++/4.6.2/bits/vector.tcc
fn=main
335 5 0 0 0 0 0 0 0 0 0 0 0 0
343 5 0 0 5 0 0 0 0 0 0 0 0 0
347 5 0 0 0 0 0 0 0 0 0 0 0 0
366 5 0 0 5 0 0 0 0 0 0 0 0 0
369 5 1 1 0 0 0 5 0 0 0 0 0 0
370 5 0 0 0 0 0 5 0 0 0 0 0 0
371 15 0 0 5 0 0 5 0 0 0 0 0 0
fn=std::vector<std::string, std::allocator<std::string> >::push_back(std::string&&)
95 42 0 0 28 0 0 0 0 0 14 6 0 0
99 18 0 0 0 0 0 9 0 0 0 0 0 0
102 25 1 1 0 0 0 20 0 0 0 0 0 0
fn=void std::vector<std::string, std::allocator<std::string> >::_M_insert_aux<std::string>(__gnu_cxx::__normal_iterator<std::string*, std::vector<std::string, std::allocator<std::string> > >, std::string&&)
295 60 1 1 15 0 0 20 0 0 0 0 0 0
304 15 0 0 10 0 0 0 0 0 5 4 0 0
326 7 1 1 0 0 0 1 0 0 0 0 0 0
335 15 1 1 5 0 0 5 0 0 0 0 0 0
369 10 0 0 5 0 0 5 0 0 0 0 0 0
370 10 0 0 5 0 0 5 0 0 0 0 0 0
371 10 0 0 5 0 0 5 0 0 0 0 0 0
373 30 0 0 25 0 0 0 0 0 0 0 0 0
fl=/usr/lib/gcc/i686-pc-linux-gnu/4.6.2/../../../../include/c++/4.6.2/ext/atomicity.h
fn=main
66 181 74 16 181 10 0 0 0 0 0 0 0 0
67 551 14 3 0 0 0 181 0 0 0 0 0 0
80 551 107 27 0 0 0 0 0 0 181 67 0 0
fn=std::vector<std::string, std::allocator<std::string> >::~vector()
66 14 0 0 14 5 5 0 0 0 0 0 0 0
67 28 0 0 0 0 0 14 0 0 0 0 0 0
fl=/usr/lib/gcc/i686-pc-linux-gnu/4.6.2/../../../../include/c++/4.6.2/ext/new_allocator.h
fn=get_next_particle
98 89157198 0 0 0 0 0 89157198 0 0 0 0 0 0
fn=main
92 25 0 0 0 0 0 15 0 0 0 0 0 0
98 16 4 0 4 0 0 12 0 0 0 0 0 0
108 60 5 1 9 0 0 14 3 1 14 0 0 0
fn=particle_sink
92 89157198 0 0 0 0 0 89157198 0 0 0 0 0 0
114 89157198 0 0 0 0 0 0 0 0 44578599 0 0 0
fn=std::vector<std::string, std::allocator<std::string> >::push_back(std::string&&)
114 18 0 0 0 0 0 0 0 0 9 0 0 0
fn=std::vector<std::string, std::allocator<std::string> >::~vector()
98 2 0 0 0 0 0 2 0 0 0 0 0 0
fn=std::vector<void*, std::allocator<void*> >::~vector()
98 2 0 0 0 0 0 1 0 0 0 0 0 0
fn=void std::vector<std::string, std::allocator<std::string> >::_M_insert_aux<std::string>(__gnu_cxx::__normal_iterator<std::string*, std::vector<std::string, std::allocator<std::string> > >, std::string&&)
92 45 0 0 20 0 0 20 0 0 0 0 0 0
98 8 0 0 0 0 0 8 0 0 0 0 0 0
114 15 0 0 0 0 0 0 0 0 5 0 0 0
fl=/usr/lib/gcc/i686-pc-linux-gnu/4.6.2/../../../../include/c++/4.6.2/iostream
fn=_GLOBAL__sub_I_Beams.cc
75 9 0 0 2 0 0 6 0 0 0 0 0 0
fn=_GLOBAL__sub_I_Coherent.cc
75 9 0 0 2 0 0 6 0 0 0 0 0 0
fn=_GLOBAL__sub_I_Compton.cc
75 9 0 0 2 0 0 6 0 0 0 0 0 0
fn=_GLOBAL__sub_I_Electrons.cc
75 9 0 0 2 0 0 6 0 0 0 0 0 0
fn=_GLOBAL__sub_I_Geometry.cc
75 9 0 0 2 0 0 6 0 0 0 0 0 0
fn=_GLOBAL__sub_I_Localdump.cc
75 9 0 0 2 0 0 6 0 0 0 0 0 0
fn=_GLOBAL__sub_I_Logging.cc
75 9 0 0 2 0 0 6 0 0 0 0 0 0
fn=_GLOBAL__sub_I_Memory.cc
75 9 1 1 2 0 0 6 0 0 0 0 0 0
fn=_GLOBAL__sub_I_MyMath.cc
75 90 5 1 0 0 0 90 0 0 0 0 0 0
fn=_GLOBAL__sub_I_Pair.cc
75 9 1 1 2 0 0 6 0 0 0 0 0 0
fn=_GLOBAL__sub_I_Photoelectric.cc
75 9 0 0 2 0 0 6 0 0 0 0 0 0
fn=_GLOBAL__sub_I_Photons.cc
75 9 1 1 2 0 0 6 0 0 0 0 0 0
fn=_GLOBAL__sub_I_Positrons.cc
75 9 0 0 2 0 0 6 0 0 0 0 0 0
fn=_GLOBAL__sub_I_Random_MT.cc
75 9 0 0 2 0 0 6 0 0 0 0 0 0
fn=_GLOBAL__sub_I_VERBOSE
75 6 1 1 0 0 0 6 1 0 0 0 0 0
fn=_GLOBAL__sub_I_Water.cc
75 9 0 0 2 0 0 6 0 0 0 0 0 0
fn=_GLOBAL__sub_I__Z10gen_randomPSsi
75 6 1 1 0 0 0 6 0 0 0 0 0 0
fn=_GLOBAL__sub_I__Z12load_librarySs
75 6 0 0 0 0 0 6 0 0 0 0 0 0
fn=_GLOBAL__sub_I__ZN13base_particleC2Ev
75 90 8 0 0 0 0 90 0 0 0 0 0 0
fl=/usr/lib/gcc/i686-pc-linux-gnu/4.6.2/../../../../include/c++/4.6.2/ostream
fn=init_on_dynamic_load
115 28 0 0 0 0 0 28 0 0 0 0 0 0
fl=/usr/lib/gcc/i686-pc-linux-gnu/4.6.2/../../../../include/c++/4.6.2/tuple
fn=get_next_particle
94 2 0 0 0 0 0 1 0 0 0 0 0 0
101 44578599 0 0 0 0 0 44578599 1 1 0 0 0 0
fn=main
101 44588599 1 1 0 0 0 44588599 1 0 0 0 0 0
fn=particle_factory
101 26203 0 0 0 0 0 26203 1 0 0 0 0 0
fn=particle_sink
101 44578599 1 1 0 0 0 44578599 424 2 0 0 0 0
fn=scatter
101 44584802 0 0 0 0 0 44584802 0 0 0 0 0 0
fl=???
fn=(below main)
0 63 8 6 19 3 0 25 0 0 7 1 2 2
fn=???
0 3700252249 7767 648 3700241797 75002 83 4550 24 7 1141 128 847099983 178587777
fn=_Exit
0 3 2 2 2 0 0 1 0 0 0 0 1 1
fn=_IO_check_libio
0 10 2 2 4 0 0 3 0 0 1 1 0 0
fn=_IO_cleanup
0 106 6 6 32 0 0 24 0 0 21 9 1 1
fn=_IO_default_finish
0 21 2 2 7 0 0 5 0 0 3 3 0 0
fn=_IO_default_setbuf
0 39 4 4 12 0 0 18 0 0 2 1 1 1
fn=_IO_default_xsputn
0 10042 38 4 2903 0 0 2121 20 7 1218 155 19 1
fn=_IO_do_write@@GLIBC_2.1
0 247 27 2 73 0 0 43 0 0 15 1 0 0
fn=_IO_doallocbuf
0 42 6 3 18 0 0 10 0 0 6 6 2 1
fn=_IO_file_close
0 4 0 0 2 0 0 1 0 0 0 0 0 0
fn=_IO_file_close_it@@GLIBC_2.1
0 58 5 5 15 0 0 26 0 0 5 3 1 1
fn=_IO_file_doallocate
0 143 13 7 34 3 0 44 0 0 13 5 2 1
fn=_IO_file_finish@@GLIBC_2.1
0 15 3 3 5 0 0 6 0 0 1 1 0 0
fn=_IO_file_fopen@@GLIBC_2.1
0 73 9 9 17 0 0 20 0 0 13 4 0 0
fn=_IO_file_init@@GLIBC_2.1
0 16 2 2 5 0 0 8 0 0 0 0 0 0
fn=_IO_file_open
0 45 3 3 13 0 0 13 0 0 3 0 0 0
fn=_IO_file_overflow@@GLIBC_2.1
0 1487 60 8 425 0 0 308 2 1 267 23 0 0
fn=_IO_file_read
0 10 1 1 5 0 0 3 0 0 1 0 0 0
fn=_IO_file_setbuf@@GLIBC_2.1
0 26 2 2 7 0 0 13 0 0 1 0 0 0
fn=_IO_file_stat
0 20 1 1 8 0 0 8 0 0 0 0 0 0
fn=_IO_file_sync@@GLIBC_2.1
0 700 45 6 280 0 0 175 0 0 70 6 0 0
fn=_IO_file_underflow@@GLIBC_2.1
0 53 4 3 20 1 1 17 0 0 6 3 1 1
fn=_IO_file_write@@GLIBC_2.1
0 546 38 3 168 0 0 112 0 0 70 6 0 0
fn=_IO_file_xsgetn
0 67 8 7 20 0 0 14 0 0 11 6 0 0
fn=_IO_file_xsputn@@GLIBC_2.1
0 11592 99 8 2462 0 0 1284 16 1 2814 151 1 1
fn=_IO_flush_all_lockp
0 97 8 8 29 3 3 14 1 1 28 19 0 0
fn=_IO_link_in
0 104 9 9 38 3 1 24 0 0 18 8 0 0
fn=_IO_no_init
0 830 30 3 307 0 0 353 1 1 34 2 0 0
fn=_IO_old_init
0 819 12 3 136 0 0 581 2 2 34 1 0 0
fn=_IO_setb
0 789 51 4 336 0 0 188 0 0 76 6 0 0
fn=_IO_sgetn
0 12 0 0 7 1 0 4 0 0 0 0 1 1
fn=_IO_str_init_static_internal
0 1320 56 4 330 0 0 594 0 0 66 2 0 0
fn=_IO_switch_to_get_mode
0 22 1 1 8 0 0 6 0 0 3 1 0 0
fn=_IO_un_link
0 122 8 8 46 0 0 27 0 0 21 11 0 0
fn=_IO_unsave_markers
0 14 2 2 5 0 0 2 0 0 2 2 0 0
fn=__GI_memcmp
0 1153 7 7 387 1 1 123 0 0 207 31 41 3
fn=__GI_memcpy
0 1187 57 2 432 0 0 202 0 0 353 70 0 0
fn=__GI_mempcpy
0 1426 14 1 676 0 0 376 7 6 544 132 0 0
fn=__GI_memset
0 3512 26 2 180 0 0 2972 126 126 3062 43 0 0
fn=__GI_stpcpy
0 2442 61 3 330 0 0 297 0 0 330 3 33 1
fn=__GI_strlen
0 6969 60 3 1359 60 8 0 0 0 1878 222 0 0
fn=__GI_strncmp
0 1452 43 4 627 0 0 231 0 0 198 26 0 0
fn=__GI_strrchr
0 85 4 4 9 1 0 2 0 0 22 10 0 0
fn=__GI_strstr
0 24 6 6 9 1 1 5 0 0 2 2 0 0
fn=__close_nocancel
0 8 1 1 3 0 0 1 0 0 1 0 1 1
fn=__ctype_init
0 25 2 2 13 2 0 6 0 0 0 0 0 0
fn=__current_locale_name
0 528 14 1 396 28 0 66 0 0 0 0 0 0
fn=__cxa_atexit
0 1456 20 2 455 0 0 637 0 0 0 0 0 0
fn=__cxa_finalize
0 12460 6 6 2597 29 29 659 0 0 4305 173 83 33
fn=__cxa_guard_acquire
0 28 3 3 10 0 0 6 0 0 4 1 0 0
fn=__cxa_guard_release
0 14 3 3 4 0 0 4 0 0 1 1 0 0
fn=__cxxabiv1::__si_class_type_info::__do_dyncast(int, __cxxabiv1::__class_type_info::__sub_kind, __cxxabiv1::__class_type_info const*, void const*, __cxxabiv1::__class_type_info const*, void const*, __cxxabiv1::__class_type_info::__dyncast_result&) const
0 1400 4 4 600 0 0 320 0 0 80 7 0 0
fn=__cxxabiv1::__vmi_class_type_info::__do_dyncast(int, __cxxabiv1::__class_type_info::__sub_kind, __cxxabiv1::__class_type_info const*, void const*, __cxxabiv1::__class_type_info const*, void const*, __cxxabiv1::__class_type_info::__dyncast_result&) const
0 440 6 6 192 2 1 104 0 0 56 10 0 0
fn=__dcigettext
0 5709 224 13 1551 52 3 1914 0 0 594 17 0 0
fn=__default_morecore
0 99 2 1 22 0 0 22 0 0 0 0 0 0
fn=__dynamic_cast
0 2064 4 4 720 13 0 816 0 0 96 4 48 8
fn=__fopen_internal
0 45 4 4 7 0 0 23 1 1 2 1 0 0
fn=__fopen_maybe_mmap
0 8 1 1 4 0 0 2 0 0 1 1 0 0
fn=__fxstat64
0 273 15 1 84 0 0 42 0 0 21 0 0 0
fn=__fxstat64@@GLIBC_2.2
0 26 2 1 10 0 0 6 0 0 2 0 2 1
fn=__gconv_btwoc_ascii
0 768 2 2 256 0 0 0 0 0 0 0 0 0
fn=__gnu_cxx::stdio_sync_filebuf<char, std::char_traits<char> >::overflow(int)
0 210 14 1 70 0 0 70 0 0 14 0 0 0
fn=__gnu_cxx::stdio_sync_filebuf<char, std::char_traits<char> >::sync()
0 341 29 4 124 2 2 124 0 0 0 0 0 0
fn=__gnu_cxx::stdio_sync_filebuf<char, std::char_traits<char> >::xsputn(char const*, int)
0 1120 28 2 420 14 0 490 0 0 0 0 0 0
fn=__gnu_cxx::stdio_sync_filebuf<wchar_t, std::char_traits<wchar_t> >::sync()
0 33 1 1 12 0 0 12 0 0 0 0 0 0
fn=__init_cpu_features
0 70 7 7 14 0 0 17 0 0 8 4 0 0
fn=__init_misc
0 28 3 3 9 2 0 9 1 0 3 1 0 0
fn=__internal_atexit
0 2002 30 2 637 0 0 728 14 8 91 3 0 0
fn=__libc_csu_init
0 77 4 2 24 2 0 30 0 0 7 2 6 6
fn=__libc_memalign
0 1377 4 4 349 4 0 327 7 4 130 35 0 0
fn=__linkin_atfork
0 14 2 2 6 1 1 3 0 0 2 1 0 0
fn=__longjmp
0 297 14 1 264 0 0 0 0 0 0 0 33 1
fn=__memcmp_ssse3
0 2849 138 21 747 0 0 77 0 0 832 184 0 0
fn=__memcpy_ssse3
0 4767 160 27 2094 46 7 1005 4 0 444 83 219 138
fn=__memmove_ssse3
0 91 14 7 37 7 3 16 0 0 13 2 4 4
fn=__new_exitfn
0 4668 44 5 1367 67 2 648 8 0 734 44 0 0
fn=__open_nocancel
0 10 1 1 6 0 0 2 0 0 1 0 1 1
fn=__overflow
0 266 28 2 126 0 0 84 0 0 14 3 14 1
fn=__read_nocancel
0 10 0 0 6 0 0 2 0 0 1 0 1 1
fn=__run_exit_handlers
0 1483 4 4 137 1 1 131 1 1 368 22 9 6
fn=__sigsetjmp
0 4279 4 1 1167 0 0 2334 0 0 0 0 0 0
fn=__strcmp_ssse3
0 64 2 2 40 1 1 0 0 0 16 6 0 0
fn=__strlen_sse2_bsf
0 10217 95 4 2144 153 65 784 0 0 968 302 0 0
fn=__underflow
0 41 4 4 17 1 0 6 0 0 9 0 1 1
fn=__unregister_atfork
0 437 2 2 171 2 2 95 0 0 57 0 0 0
fn=__write_nocancel
0 140 0 0 84 0 0 28 0 0 14 0 14 1
fn=_dl_add_to_namespace_list
0 1678 45 3 461 0 0 314 0 0 251 33 42 4
fn=_dl_add_to_slotinfo
0 48 3 3 20 4 0 14 0 0 2 1 0 0
fn=_dl_addr
0 67664 11 11 26580 795 582 2372 1 0 13367 1975 2 2
fn=_dl_addr_inside_object
0 12036 31 2 3894 30 0 531 0 0 2478 219 0 0
fn=_dl_allocate_tls_init
0 137 6 6 52 1 0 36 1 0 17 6 0 0
fn=_dl_allocate_tls_storage
0 344 3 3 7 0 0 313 19 19 311 10 0 0
fn=_dl_cache_libcmp
0 6178 5 5 1420 39 39 453 0 0 1155 83 0 0
fn=_dl_catch_error
0 15890 21 4 5156 29 1 7780 27 0 422 14 778 60
fn=_dl_check_all_versions
0 133 3 3 29 0 0 14 0 0 17 7 0 0
fn=_dl_check_caller
0 1596 111 8 938 23 2 168 1 0 742 85 0 0
fn=_dl_check_map_versions
0 14586 166 13 5790 69 65 2770 32 32 1701 260 0 0
fn=_dl_close
0 336 2 2 126 3 3 140 0 0 28 0 28 2
fn=_dl_close_worker
0 29763 32 32 11564 165 164 3611 22 20 6489 526 56 30
fn=_dl_debug_initialize
0 1801 13 6 468 3 1 316 0 0 234 40 0 0
fn=_dl_debug_state
0 58 0 0 58 0 0 0 0 0 0 0 0 0
fn=_dl_determine_tlsoffset
0 124 7 7 47 0 0 25 0 0 11 4 0 0
fn=_dl_discover_osversion
0 90 4 4 12 2 2 8 2 2 14 8 0 0
fn=_dl_fini
0 452 11 11 157 13 12 58 0 0 103 30 9 9
fn=_dl_fixup
0 8774 24 13 3260 325 91 1637 2 2 918 24 5 5
fn=_dl_higher_prime_number
0 150 1 1 20 4 2 8 0 0 20 9 0 0
fn=_dl_important_hwcaps
0 1600 21 21 399 1 1 85 1 1 217 64 0 0
fn=_dl_init
0 1442 21 4 599 5 0 386 1 0 137 14 0 0
fn=_dl_init_paths
0 186 10 10 25 1 1 58 3 3 28 18 0 0
fn=_dl_initial_error_catch_tsd
0 1692 0 0 423 0 0 423 0 0 0 0 0 0
fn=_dl_load_cache_lookup
0 1701 17 17 445 35 35 228 0 0 314 47 0 0
fn=_dl_lookup_symbol_x
0 837838 183 18 147084 1675 1439 62706 16 3 95867 3635 0 0
fn=_dl_map_object
0 37913 155 22 10121 229 0 6176 5 5 9290 717 0 0
fn=_dl_map_object_deps
0 38333 469 33 8354 170 0 4113 7 4 10488 608 0 0
fn=_dl_map_object_from_fd
0 19512 636 46 5911 256 87 2765 29 29 3971 385 0 0
fn=_dl_mcount_wrapper_check
0 1408 2 2 512 0 0 256 0 0 128 2 0 0
fn=_dl_name_match_p
0 109162 46 6 24875 216 7 31418 2 2 12399 122 0 0
fn=_dl_new_object
0 4509 171 14 925 6 6 1124 28 28 620 131 0 0
fn=_dl_next_ld_env_entry
0 202 2 2 69 12 12 3 0 0 63 19 0 0
fn=_dl_next_tls_modid
0 36 2 2 14 0 0 12 2 2 2 0 0 0
fn=_dl_open
0 882 50 4 308 15 0 336 0 0 70 0 28 2
fn=_dl_protect_relro
0 162 2 2 42 0 0 42 0 0 12 0 0 0
fn=_dl_receive_error
0 31 3 3 11 0 0 15 0 0 0 0 2 2
fn=_dl_relocate_object
0 391010 606 52 152037 4166 3116 45321 95 9 55137 1551 3634 474
fn=_dl_runtime_resolve
0 1122 5 4 612 0 0 510 0 0 0 0 0 0
fn=_dl_setup_hash
0 770 40 3 242 26 26 242 0 0 44 0 0 0
fn=_dl_signal_cerror
0 495 28 2 99 14 0 231 0 0 66 0 0 0
fn=_dl_signal_error
0 2211 75 4 363 0 0 1023 11 0 99 12 33 1
fn=_dl_sort_fini
0 12555 6 6 4459 0 0 2301 2 2 2280 268 0 0
fn=_dl_start
0 792 18 18 220 17 16 90 11 10 142 38 8 1
fn=_dl_sym
0 1042 14 1 130 0 0 489 0 0 0 0 0 0
fn=_dl_sysdep_read_whole_file
0 45 4 4 7 0 0 24 0 0 3 1 0 0
fn=_dl_sysdep_start
0 466 15 15 109 11 10 57 4 4 74 29 17 14
fn=_dl_sysdep_start_cleanup
0 1 1 1 1 0 0 0 0 0 0 0 0 0
fn=_dl_sysinfo_int80
0 69 16 1 34 0 0 0 0 0 0 0 0 0
fn=_dl_unload_cache
0 170 29 1 46 0 0 34 0 0 15 2 0 0
fn=_dl_unmap
0 322 3 3 112 1 1 112 0 0 14 2 0 0
fn=_init
0 33 3 3 13 3 0 13 3 3 2 2 0 0
fn=_int_free
0 3078705734 4535 170 847935101 33142 997 357025501 7 6 624751487 70081 0 0
fn=_int_malloc
0 2589586703 5364 51 803446524 32070 6172 446683509 45050 17342 312533551 5154 11 3
fn=_int_realloc
0 1323 95 7 357 0 0 252 0 0 168 4 0 0
fn=_setjmp
0 16 2 2 5 0 0 7 1 0 0 0 0 0
fn=access
0 16 1 1 3 0 0 2 0 0 1 1 0 0
fn=allocate_dtv
0 24 2 2 5 0 0 9 1 1 1 0 0 0
fn=asprintf
0 462 28 2 132 0 0 198 0 0 0 0 0 0
fn=bcmp
0 2204 122 9 815 44 12 206 0 0 420 29 68 63
fn=bool std::has_facet<std::ctype<char> >(std::locale const&)
0 124 3 3 44 0 0 40 0 0 8 0 0 0
fn=bool std::has_facet<std::ctype<wchar_t> >(std::locale const&)
0 124 2 2 44 0 0 40 0 0 8 0 0 0
fn=bool std::has_facet<std::num_get<char, std::istreambuf_iterator<char, std::char_traits<char> > > >(std::locale const&)
0 124 2 2 44 0 0 40 0 0 8 0 0 0
fn=bool std::has_facet<std::num_get<wchar_t, std::istreambuf_iterator<wchar_t, std::char_traits<wchar_t> > > >(std::locale const&)
0 124 2 2 44 0 0 40 0 0 8 0 0 0
fn=bool std::has_facet<std::num_put<char, std::ostreambuf_iterator<char, std::char_traits<char> > > >(std::locale const&)
0 124 3 3 44 0 0 40 0 0 8 0 0 0
fn=bool std::has_facet<std::num_put<wchar_t, std::ostreambuf_iterator<wchar_t, std::char_traits<wchar_t> > > >(std::locale const&)
0 124 2 2 44 0 0 40 0 0 8 0 0 0
fn=brk
0 251 6 4 70 0 0 59 0 0 12 0 11 1
fn=bsearch
0 3492 3 3 964 0 0 927 1 1 485 102 196 1
fn=btowc
0 9216 3 3 2816 3 0 1920 0 0 1408 19 128 1
fn=cache_rpath
0 195 2 2 60 0 0 30 0 0 15 8 0 0
fn=call_init
0 3400 70 5 1333 15 0 1019 0 0 295 40 100 100
fn=calloc
0 2829 80 10 774 0 0 504 15 3 499 51 0 0
fn=char* std::string::_S_construct<char const*>(char const*, char const*, std::allocator<char> const&, std::forward_iterator_tag)
0 9072 32 4 2160 12 0 3672 1 0 864 12 0 0
fn=check_match.8799
0 125270 30 13 48743 727 75 21395 18 6 19399 454 0 0
fn=close
0 168 4 1 42 0 0 0 0 0 21 0 0 0
fn=dcgettext
0 561 16 2 165 0 0 297 0 0 0 0 0 0
fn=dl_main
0 1299 59 59 408 24 14 202 11 10 235 85 0 0
fn=dl_open_worker
0 5698 236 20 2198 2 0 812 11 0 966 137 14 1
fn=dlclose
0 224 1 1 56 1 1 42 0 0 14 0 0 0
fn=dlerror
0 14166 84 9 4546 30 0 2719 0 0 2322 125 0 0
fn=dlopen
0 336 29 2 112 0 0 98 0 0 14 0 0 0
fn=dlsym
0 5542 66 3 2119 0 0 2119 0 0 163 3 326 2
fn=do_lookup_x
0 806850 75 31 337276 3562 779 129033 14 7 140046 7689 100 3
fn=do_preload
0 32 3 3 7 0 0 13 0 0 1 1 0 0
fn=do_sym
0 13975 58 6 4690 18 0 3097 12 0 2117 27 163 1
fn=enter.8847
0 5359 2 2 1560 39 39 952 0 0 283 99 0 0
fn=exit
0 10 1 1 1 0 0 6 0 0 0 0 0 0
fn=expand_dynamic_string_token
0 330 30 2 75 0 0 135 0 0 15 3 0 0
fn=fclose@@GLIBC_2.1
0 87 7 7 30 1 0 18 0 0 16 7 1 1
fn=fflush
0 1734 45 6 714 7 7 306 0 0 306 11 34 1
fn=fopen@@GLIBC_2.1
0 13 1 1 4 0 0 6 0 0 0 0 0 0
fn=fread
0 60 4 4 24 0 0 13 0 0 10 3 0 0
fn=free
0 981314550 17 4 223026115 5467272 126782 133815627 0 0 178420802 97 0 0
fn=fwrite
0 5595 84 6 2099 80 1 911 0 0 979 61 70 1
fn=getcwd
0 350 42 3 98 0 0 70 0 0 28 0 0 0
fn=getenv
0 7260 42 3 2409 193 0 462 0 0 2079 82 0 0
fn=handle_intel
0 205 5 5 44 0 0 78 1 0 20 6 0 0
fn=index
0 25467 103 7 2870 79 38 984 1 1 5028 676 0 0
fn=init_cacheinfo
0 125 8 8 17 1 0 22 1 1 16 6 0 0
fn=init_tls.part.4
0 99 6 6 25 2 1 22 1 1 21 17 0 0
fn=intel_02_known_compare
0 2142 1 1 1176 9 9 196 0 0 196 6 0 0
fn=intel_check_word
0 1036 8 8 74 0 0 284 0 0 190 57 0 0
fn=isatty
0 15 1 1 3 0 0 5 0 0 0 0 0 0
fn=local_strdup
0 500 30 2 80 0 0 240 0 0 20 0 0 0
fn=malloc
0 2096442479 6 6 713682516 31 1 267631107 6583 98 446051491 3421 1 1
fn=malloc_consolidate
0 7707 134 9 2787 7 0 1361 17 16 1498 275 0 0
fn=malloc_hook_ini
0 14 1 1 4 0 0 6 0 0 0 0 0 0
fn=map_doit
0 16 1 1 6 0 0 6 0 0 0 0 0 0
fn=match_symbol
0 11769 31 3 4696 318 42 1190 0 0 3030 229 0 0
fn=memcpy
0 3435 56 4 1350 15 6 792 25 25 1198 267 0 0
fn=memmove
0 13 2 2 5 1 0 2 0 0 3 1 0 0
fn=mempcpy
0 1244 2 1 644 3 1 404 6 6 522 222 0 0
fn=memrchr
0 12 2 2 5 0 0 2 0 0 3 2 0 0
fn=memset
0 9756 32 4 2022 0 0 2770 95 95 4032 733 0 0
fn=mmap
0 1127 34 4 541 0 0 198 0 0 98 1 2 1
fn=mprotect
0 340 30 1 170 0 0 34 0 0 34 0 0 0
fn=munmap
0 144 3 3 49 0 0 1 0 0 16 0 1 1
fn=new_do_write
0 672 70 5 224 0 0 210 0 0 84 19 14 1
fn=newlocale
0 37 5 5 13 0 0 8 0 0 7 3 0 0
fn=open
0 212 16 2 106 0 0 21 0 0 22 0 0 0
fn=open_verify
0 3549 151 12 1000 6 6 676 0 0 604 100 0 0
fn=openaux
0 4941 15 1 2013 0 0 1464 0 0 0 0 0 0
fn=operator delete(void*)
0 535260336 28 2 133815084 0 0 178420112 0 0 44605028 2 0 0
fn=operator new(unsigned int)
0 847495532 34 3 223025140 0 0 267630168 1 0 44605028 27 0 0
fn=process_envvars
0 120 6 6 20 1 1 23 3 3 23 9 1 1
fn=ptmalloc_init
0 261 7 7 85 25 1 22 4 2 70 22 0 0
fn=putc
0 756 56 4 308 0 0 154 0 0 126 32 0 0
fn=read
0 202 16 2 101 0 0 20 0 0 21 2 0 0
fn=realloc
0 2022 121 8 563 15 0 345 0 0 379 83 1 1
fn=realloc_hook_ini
0 20 2 2 7 0 0 9 0 0 0 0 0 0
fn=rtld_lock_default_lock_recursive
0 831 4 1 831 5 2 0 0 0 0 0 0 0
fn=rtld_lock_default_unlock_recursive
0 831 4 1 831 1 0 0 0 0 0 0 0 0
fn=sbrk
0 369 7 5 106 20 1 81 9 0 56 2 0 0
fn=security_init
0 17 2 2 5 0 0 6 0 0 1 0 0 0
fn=std::__detail::_List_node_base::_M_hook(std::__detail::_List_node_base*)
0 401207391 1 1 222892995 0 0 178314396 0 0 0 0 0 0
fn=std::__detail::_List_node_base::_M_unhook()
0 267471594 0 0 178314396 0 0 89157198 41840197 784042 0 0 0 0
fn=std::__timepunct<char>::_M_initialize_timepunct(__locale_struct*)
0 110 10 10 8 0 0 53 0 0 2 1 0 0
fn=std::__timepunct<char>::__timepunct(std::__timepunct_cache<char>*, unsigned int)
0 26 3 3 7 0 0 12 0 0 0 0 0 0
fn=std::__timepunct<wchar_t>::_M_initialize_timepunct(__locale_struct*)
0 108 9 9 7 0 0 52 0 0 2 0 0 0
fn=std::__timepunct<wchar_t>::__timepunct(std::__timepunct_cache<wchar_t>*, unsigned int)
0 26 2 2 7 0 0 12 0 0 0 0 0 0
fn=std::basic_ios<char, std::char_traits<char> >::_M_cache_locale(std::locale const&)
0 136 2 2 24 0 0 76 0 0 12 0 0 0
fn=std::basic_ios<char, std::char_traits<char> >::init(std::basic_streambuf<char, std::char_traits<char> >*)
0 112 3 3 24 0 0 60 0 0 0 0 0 0
fn=std::basic_ios<wchar_t, std::char_traits<wchar_t> >::_M_cache_locale(std::locale const&)
0 136 3 3 24 0 0 76 0 0 12 0 0 0
fn=std::basic_ios<wchar_t, std::char_traits<wchar_t> >::init(std::basic_streambuf<wchar_t, std::char_traits<wchar_t> >*)
0 112 3 3 24 0 0 60 0 0 0 0 0 0
fn=std::basic_ostream<char, std::char_traits<char> >& std::__ostream_insert<char, std::char_traits<char> >(std::basic_ostream<char, std::char_traits<char> >&, char const*, int)
0 3500 84 6 1610 28 0 980 0 0 280 11 70 2
fn=std::basic_ostream<char, std::char_traits<char> >& std::endl<char, std::char_traits<char> >(std::basic_ostream<char, std::char_traits<char> >&)
0 370 27 2 141 8 0 131 0 0 28 1 1 1
fn=std::basic_ostream<char, std::char_traits<char> >& std::operator<< <std::char_traits<char> >(std::basic_ostream<char, std::char_traits<char> >&, char const*)
0 1540 28 2 420 0 0 700 0 0 70 0 0 0
fn=std::basic_ostream<wchar_t, std::char_traits<wchar_t> >::flush()
0 63 2 2 27 8 8 15 0 0 6 2 3 1
fn=std::basic_string<char, std::char_traits<char>, std::allocator<char> >::basic_string(char const*, std::allocator<char> const&)
0 5184 69 3 1296 1 0 2376 53 1 216 2 0 0
fn=std::basic_string<char, std::char_traits<char>, std::allocator<char> >::basic_string(std::string const&)
0 588 19 3 252 11 0 84 1 0 84 23 0 0
fn=std::basic_string<char, std::char_traits<char>, std::allocator<char> >::~basic_string()
0 1248 28 4 430 4 4 244 0 0 86 13 0 0
fn=std::codecvt<char, char, __mbstate_t>::codecvt(unsigned int)
0 20 2 2 6 0 0 7 0 0 0 0 0 0
fn=std::codecvt<wchar_t, char, __mbstate_t>::codecvt(unsigned int)
0 20 2 2 6 0 0 7 1 1 0 0 0 0
fn=std::ctype<char> const& std::use_facet<std::ctype<char> >(std::locale const&)
0 108 2 2 40 0 0 36 0 0 12 0 0 0
fn=std::ctype<char>::_M_widen_init() const
0 1061 3 2 11 1 0 272 0 0 258 10 1 1
fn=std::ctype<char>::ctype(unsigned short const*, bool, unsigned int)
0 210 7 7 13 1 0 147 9 9 137 21 0 0
fn=std::ctype<char>::do_widen(char const*, char const*, char*) const
0 19 2 2 6 0 0 7 0 0 0 0 0 0
fn=std::ctype<char>::do_widen(char) const
0 2 1 1 2 0 0 0 0 0 0 0 0 0
fn=std::ctype<wchar_t> const& std::use_facet<std::ctype<wchar_t> >(std::locale const&)
0 108 2 2 40 0 0 36 0 0 12 1 0 0
fn=std::ctype<wchar_t>::_M_convert_to_wmask(unsigned short) const
0 267 8 8 57 0 0 51 0 0 58 19 0 0
fn=std::ctype<wchar_t>::_M_initialize_ctype()
0 2804 4 4 19 0 0 1234 19 19 536 21 0 0
fn=std::ctype<wchar_t>::ctype(unsigned int)
0 23 3 3 6 0 0 10 0 0 0 0 0 0
fn=std::error_category::error_category()
0 21 2 2 9 1 0 6 1 1 0 0 0 0
fn=std::error_category::~error_category()
0 21 1 1 9 1 1 6 0 0 0 0 0 0
fn=std::ios_base::Init::Init()
0 1424 65 29 430 38 1 528 9 7 95 10 0 0
fn=std::ios_base::Init::~Init()
0 817 4 4 241 7 7 153 0 0 94 10 0 0
fn=std::ios_base::_M_init()
0 192 3 3 40 0 0 112 0 0 0 0 0 0
fn=std::ios_base::ios_base()
0 560 3 3 40 0 0 256 18 14 64 23 0 0
fn=std::locale::_Impl::_Impl(unsigned int)
0 883 65 65 151 4 1 540 27 27 39 19 0 0
fn=std::locale::_Impl::_M_install_facet(std::locale::id const*, std::locale::facet const*)
0 7532 7 7 2856 0 0 252 0 0 1708 52 0 0
fn=std::locale::facet::_S_create_c_locale(__locale_struct*&, char const*, __locale_struct*)
0 17 2 2 5 0 0 7 0 0 1 0 0 0
fn=std::locale::facet::_S_get_c_locale()
0 132 2 2 51 1 0 31 0 0 10 2 0 0
fn=std::locale::facet::_S_get_c_name()
0 20 1 1 10 0 0 5 0 0 0 0 0 0
fn=std::locale::id::_M_id() const
0 1092 2 2 420 5 0 224 0 0 112 28 0 0
fn=std::locale::locale()
0 594 5 5 264 0 0 176 0 0 44 20 0 0
fn=std::locale::operator=(std::locale const&)
0 216 3 3 96 0 0 48 0 0 16 4 0 0
fn=std::locale::~locale()
0 160 1 1 56 0 0 32 0 0 16 4 0 0
fn=std::messages<char>::messages(unsigned int)
0 22 2 2 6 0 0 9 0 0 0 0 0 0
fn=std::messages<wchar_t>::messages(unsigned int)
0 22 2 2 6 0 0 9 0 0 0 0 0 0
fn=std::moneypunct<char, false>::_M_initialize_moneypunct(__locale_struct*, char const*)
0 110 5 5 37 2 1 30 0 0 13 8 0 0
fn=std::moneypunct<char, true>::_M_initialize_moneypunct(__locale_struct*, char const*)
0 110 4 4 37 0 0 30 0 0 13 10 0 0
fn=std::moneypunct<wchar_t, false>::_M_initialize_moneypunct(__locale_struct*, char const*)
0 107 7 7 29 0 0 31 0 0 14 9 0 0
fn=std::moneypunct<wchar_t, true>::_M_initialize_moneypunct(__locale_struct*, char const*)
0 107 5 5 29 0 0 31 0 0 14 7 0 0
fn=std::num_get<char, std::istreambuf_iterator<char, std::char_traits<char> > > const& std::use_facet<std::num_get<char, std::istreambuf_iterator<char, std::char_traits<char> > > >(std::locale const&)
0 108 1 1 40 0 0 36 0 0 12 0 0 0
fn=std::num_get<wchar_t, std::istreambuf_iterator<wchar_t, std::char_traits<wchar_t> > > const& std::use_facet<std::num_get<wchar_t, std::istreambuf_iterator<wchar_t, std::char_traits<wchar_t> > > >(std::locale const&)
0 108 2 2 40 0 0 36 0 0 12 2 0 0
fn=std::num_put<char, std::ostreambuf_iterator<char, std::char_traits<char> > > const& std::use_facet<std::num_put<char, std::ostreambuf_iterator<char, std::char_traits<char> > > >(std::locale const&)
0 108 3 3 40 0 0 36 0 0 12 0 0 0
fn=std::num_put<wchar_t, std::ostreambuf_iterator<wchar_t, std::char_traits<wchar_t> > > const& std::use_facet<std::num_put<wchar_t, std::ostreambuf_iterator<wchar_t, std::char_traits<wchar_t> > > >(std::locale const&)
0 108 2 2 40 0 0 36 0 0 12 0 0 0
fn=std::numpunct<char>::_M_initialize_numpunct(__locale_struct*)
0 415 6 6 138 2 1 76 0 0 64 19 0 0
fn=std::numpunct<wchar_t>::_M_initialize_numpunct(__locale_struct*)
0 352 5 5 75 0 0 76 3 3 64 19 0 0
fn=std::ostream::flush()
0 651 45 6 279 10 10 155 0 0 62 2 31 1
fn=std::ostream::put(char)
0 588 51 4 280 0 0 168 0 0 56 6 14 1
fn=std::ostream::sentry::sentry(std::ostream&)
0 2268 28 2 924 42 0 588 0 0 168 15 0 0
fn=std::string::_Rep::_M_destroy(std::allocator<char> const&)
0 2160 13 1 648 0 0 864 0 0 0 0 0 0
fn=std::string::_Rep::_S_create(unsigned int, unsigned int, std::allocator<char> const&)
0 5832 15 2 1080 1 0 1512 0 0 648 24 0 0
fn=std::string::assign(std::string const&)
0 759 55 3 276 0 0 115 0 0 115 27 0 0
fn=std::string::compare(char const*) const
0 3392 41 3 1060 9 0 1272 0 0 0 0 0 0
fn=stpcpy
0 7798 28 2 1151 14 1 871 0 0 920 171 132 1
fn=strchrnul
0 2310 23 4 660 14 1 132 0 0 396 79 0 0
fn=strcmp
0 380341 7 6 130128 723 124 2 0 0 94939 6791 0 0
fn=strlen
0 11395 56 5 1679 0 0 2 0 0 2498 319 0 0
fn=strncasecmp
0 13 2 2 5 0 0 2 0 0 3 2 0 0
fn=strnlen
0 11 2 2 4 0 0 2 0 0 2 1 0 0
fn=strsep
0 912 3 3 157 0 0 13 0 0 230 9 0 0
fn=tcgetattr
0 29 4 4 10 0 0 7 0 0 1 1 1 1
fn=tfind
0 594 28 2 264 13 1 99 0 0 66 4 0 0
fn=uname
0 8 2 2 2 0 0 0 0 0 1 0 0 0
fn=uselocale
0 70 3 3 30 2 0 18 1 0 2 0 0 0
fn=vasprintf
0 2310 92 7 531 14 0 1095 0 0 144 35 0 0
fn=version_check_doit
0 16 1 1 6 0 0 4 0 0 1 1 0 0
fn=vfprintf
0 15560 425 27 6419 50 3 4092 15 0 5512 190 330 5
fn=wcslen
0 12 1 1 4 1 1 3 0 0 2 0 0 0
fn=wctob
0 2432 3 3 768 0 0 640 0 0 256 0 0 0
fn=wctype_l
0 931 3 3 270 2 0 325 0 0 130 17 0 0
fn=write
0 28 14 1 14 0 0 0 0 0 14 0 0 0
summary: 161831805225 135578 4028 40641891694 67011597 1126394 15763905887 41914008 814111 19713983382 266417470 1337511597 178618819
